Sample	0	1	2	3	4	5	6	7	8	9	10	11	12	13	14	15	16	17	18	19	20	21	22	23	24	25	26	27	28	29	30	31	32	33	34	35	36	37
SRR12231697_1	(1, 0.916910645271498)	(2, 0.09112103560222809)	(3, 0.0008519309049531993)	(4, 8.89280694105636e-06)	(5, 0.00023832722602031044)	(6, 1.7785613882112717e-06)	(7, 1.0671368329267631e-05)	(8, 0.0001067136832926763)	(9, 0.0)	(10, 1.4228491105690175e-06)	(15, 1.2094217439836647e-05)	(20, 0.0)	(25, 1.4228491105690175e-06)	(30, 1.3161354272763411e-05)	(35, 1.4228491105690175e-06)	(40, 4.5886883815850815e-05)	(45, 4.2685473317070523e-05)	(50, 0.00010742510784796081)	(55, 3.094696815487613e-05)	(60, 0.00030128829916298944)	(65, 0.00011880790073251297)	(70, 0.0011091108816885492)	(75, 0.0010632239978726984)	(80, 0.0011244065096271659)	(85, 0.0013189811254974793)	(90, 0.000983188735403191)	(95, 0.0012496172313572395)	(100, 0.00013303639183820314)	(105, 9.604231496340867e-05)	(110, 0.0006619805486922354)	(115, 0.00014868773205446235)	(120, 0.0003781221511337164)	(125, 0.0003582022635857502)	(130, 0.00048376869759346594)	(135, 0.0007985740633068611)	(140, 0.0001145393534008059)	(145, 0.0005200513499129759)	(150, 6.047108719918324e-05)
SRR12231697_2	(1, 2.2250816746514293)	(2, 0.023975007513087943)	(3, 0.0020844739469836103)	(4, 0.0013356996025466652)	(5, 0.0014495275313921865)	(6, 0.0005228970481341139)	(7, 0.0007701170810954807)	(8, 0.003669172143879854)	(9, 0.0009657588337987205)	(10, 0.0007583785759332864)	(15, 0.0005129371043601309)	(20, 0.004356052552007047)	(25, 0.0028136841161502317)	(30, 0.0038424040230916317)	(35, 0.0032526330667607736)	(40, 0.0023857622461466)	(45, 0.002916129252111201)	(50, 0.0016405450244860772)	(55, 0.007194280815314595)	(60, 0.004337555513569649)	(65, 0.0011624677233348871)	(70, 0.002029338543949061)	(75, 0.0014200034123478793)	(80, 0.005695664989607777)	(85, 0.004107765382212754)	(90, 0.0010102228685040023)	(95, 0.0039423591731091055)	(100, 0.003773751553506677)	(105, 0.0016231151228816069)	(110, 0.00424293604771681)	(115, 0.003937023488944471)	(120, 0.0015548183655742938)	(125, 0.0033440511221148332)	(130, 0.0026280023072209756)	(135, 0.0016120880422746966)	(140, 0.0005410383742938689)	(145, 0.0006964846396235341)	(150, 0.001665622740059856)
SRR12231698_1	(1, 0.9134524410492765)	(2, 0.089736431038107)	(3, 0.0008109161816575745)	(4, 7.439597996858481e-06)	(5, 0.0002455067338963299)	(6, 1.8598994992146203e-06)	(7, 1.115939699528772e-05)	(8, 0.00011531376895130646)	(9, 0.0)	(10, 1.115939699528772e-06)	(15, 1.822701509230328e-05)	(20, 0.0)	(25, 1.8598994992146203e-06)	(30, 1.6739095492931583e-05)	(35, 1.115939699528772e-06)	(40, 4.463758798115088e-05)	(45, 4.5753527680679656e-05)	(50, 0.0001327968242439239)	(55, 3.905788948350703e-05)	(60, 0.0002894003620777949)	(65, 0.00012796108554596588)	(70, 0.0010787417095444796)	(75, 0.0010080655285743241)	(80, 0.0011125918804301858)	(85, 0.0012907702524549464)	(90, 0.0010806016090436944)	(95, 0.0014324945942951004)	(100, 0.00018673390972114788)	(105, 0.00012610118604675127)	(110, 0.0007063898298017128)	(115, 0.00018784984942067664)	(120, 0.0004028542315298867)	(125, 0.0003433374475550189)	(130, 0.0005282114577769522)	(135, 0.0008064524228594593)	(140, 0.0001346567237431385)	(145, 0.0005453225331697267)	(150, 7.811577896701405e-05)
SRR12231698_2	(1, 2.2063466987323257)	(2, 0.02523697630484318)	(3, 0.0021184255296054525)	(4, 0.0016199724638159341)	(5, 0.0017650446247546745)	(6, 0.00056354954826203)	(7, 0.0008146359806560036)	(8, 0.003703059902936309)	(9, 0.0010062056290751095)	(10, 0.0008592735686371545)	(15, 0.0006156267342400393)	(20, 0.004548198235379433)	(25, 0.002806216364415019)	(30, 0.003902069149352273)	(35, 0.0032816066764142756)	(40, 0.00246287891686)	(45, 0.0029717474198451203)	(50, 0.0016538226347016403)	(55, 0.0073912406098789)	(60, 0.004251730255204622)	(65, 0.0012784949157601299)	(70, 0.0020849473386195896)	(75, 0.0014633689259820632)	(80, 0.005920804065799822)	(85, 0.0044708264162121045)	(90, 0.0010266645235664704)	(95, 0.003995436104212847)	(100, 0.004067600204782374)	(105, 0.0016828370668893883)	(110, 0.004199281089326769)	(115, 0.004114841652062426)	(120, 0.0016768853884919015)	(125, 0.00338390114887108)	(130, 0.0027902212287217736)	(135, 0.0017181751573744663)	(140, 0.000661380261920719)	(145, 0.000827283297250663)	(150, 0.002005901609902968)
SRR12231699_1	(1, 0.919295638091301)	(2, 0.09287343349556794)	(3, 0.0009870881401413318)	(4, 7.1141487577753654e-06)	(5, 0.0002578878924693569)	(6, 1.7785371894438414e-06)	(7, 8.892685947219206e-06)	(8, 0.00013694736358717575)	(9, 0.0)	(10, 3.557074378887682e-07)	(15, 1.2449760326106886e-05)	(20, 0.0)	(25, 7.114148757775364e-07)	(30, 1.991961652177102e-05)	(35, 3.557074378887682e-07)	(40, 4.730908923920617e-05)	(45, 4.802050411498371e-05)	(50, 0.00013232316689462177)	(55, 4.4107722298207264e-05)	(60, 0.00029950566270234286)	(65, 0.00015473273548161418)	(70, 0.0011300825301726167)	(75, 0.0011098072062129568)	(80, 0.0011364852640546143)	(85, 0.0013225202540704402)	(90, 0.0011837943532938206)	(95, 0.0015373675465552563)	(100, 0.00021235734041959463)	(105, 0.0001575783949847243)	(110, 0.0007640595765850742)	(115, 0.00022231714868048015)	(120, 0.00043325165934851963)	(125, 0.00038167408085464826)	(130, 0.0005456552097213704)	(135, 0.0008384024311038267)	(140, 0.00013943731565239714)	(145, 0.0005879843948301338)	(150, 8.892685947219206e-05)
SRR12231699_2	(1, 2.240035576435108)	(2, 0.026418391411998816)	(3, 0.0023281051809819877)	(4, 0.0018532357514004826)	(5, 0.0019386055364937868)	(6, 0.0006260450906842321)	(7, 0.0009266178757002413)	(8, 0.0038363047176303653)	(9, 0.0011578277103279405)	(10, 0.0009536516409797875)	(15, 0.0006911395518178767)	(20, 0.004859675016436351)	(25, 0.003005016435284314)	(30, 0.00408316567952517)	(35, 0.003514745193778919)	(40, 0.002612315423855114)	(45, 0.0031419637988714896)	(50, 0.0017721344555618433)	(55, 0.007756912098040369)	(60, 0.00454522964134268)	(65, 0.0013847690557009748)	(70, 0.0022171244603606923)	(75, 0.001617401720080229)	(80, 0.006352579133255512)	(85, 0.004852560867678576)	(90, 0.0011482236095049438)	(95, 0.004283784674494436)	(100, 0.004438161702538161)	(105, 0.0017522148390400722)	(110, 0.004476933813268037)	(115, 0.004459148441373599)	(120, 0.0018439873580153746)	(125, 0.0036275044515896586)	(130, 0.003033473030315415)	(135, 0.001918330212534127)	(140, 0.0007523212311347447)	(145, 0.0009319534872685727)	(150, 0.002270302722325063)
SRR12231700_1	(1, 0.9118282703647911)	(2, 0.09114100361081884)	(3, 0.0008610705282998871)	(4, 5.677388098680575e-06)	(5, 0.00023277291204590358)	(6, 0.0)	(7, 0.0)	(8, 0.00010976283657449113)	(9, 0.0)	(10, 3.7849253991203833e-07)	(15, 1.4761209056569495e-05)	(20, 0.0)	(25, 2.27095523947223e-06)	(30, 1.2111761277185226e-05)	(35, 3.7849253991203833e-07)	(40, 4.54191047894446e-05)	(45, 4.769006002891683e-05)	(50, 0.00010749188133501889)	(55, 2.9143925573226954e-05)	(60, 0.0002626738226989546)	(65, 0.00012111761277185226)	(70, 0.0010488028280962582)	(75, 0.001035177096659425)	(80, 0.0011320711868769066)	(85, 0.0012698424714048886)	(90, 0.0010616715744532676)	(95, 0.0013629516362232501)	(100, 0.00016464425486173667)	(105, 0.00010900585149466703)	(110, 0.0007168648705934005)	(115, 0.00017524204597927373)	(120, 0.0003800065100716865)	(125, 0.00033420891274232986)	(130, 0.000503773570622923)	(135, 0.0007679613634815259)	(140, 0.00011089831419422723)	(145, 0.0005230766901584369)	(150, 6.150503773570623e-05)
SRR12231700_2	(1, 2.2135417060929727)	(2, 0.02456605830299085)	(3, 0.0020211501631302847)	(4, 0.0014458415024639864)	(5, 0.0015612817271371583)	(6, 0.0005279970931772935)	(7, 0.0007494152290258359)	(8, 0.0036751625625458923)	(9, 0.0008743177671968086)	(10, 0.0007929418711157204)	(15, 0.0005533560933514)	(20, 0.0044499367917458345)	(25, 0.0027289312127657963)	(30, 0.003935565430005374)	(35, 0.0032342187535483674)	(40, 0.002368606314769536)	(45, 0.002893575467627533)	(50, 0.001628653399241501)	(55, 0.007276897572348849)	(60, 0.004204673625882833)	(65, 0.0011759763215067032)	(70, 0.0020287200139285253)	(75, 0.0014443275323043382)	(80, 0.0058526301446598485)	(85, 0.00431708591023671)	(90, 0.0009814311559919154)	(95, 0.003966980310818074)	(100, 0.003964709355578602)	(105, 0.0015635526823766304)	(110, 0.004184235028727584)	(115, 0.004023375699264967)	(120, 0.00159875248858845)	(125, 0.0033242999780474327)	(130, 0.002693731406553977)	(135, 0.0016710445637116494)	(140, 0.0006112654519579419)	(145, 0.0007380604528284747)	(150, 0.0018356888185733858)
SRR12231701_1	(1, 0.9169710893877128)	(2, 0.0915402581517983)	(3, 0.0008769384908034729)	(4, 5.347185919533372e-06)	(5, 0.000272706481896202)	(6, 1.782395306511124e-06)	(7, 1.4259162452088992e-05)	(8, 0.00013189725268182318)	(9, 0.0)	(10, 0.0)	(15, 1.1050850900368968e-05)	(20, 0.0)	(25, 1.0694371839066744e-06)	(30, 1.4615641513391214e-05)	(35, 0.0)	(40, 4.45598826627781e-05)	(45, 5.133298482752037e-05)	(50, 0.00011300386243280525)	(55, 2.9587762088084658e-05)	(60, 0.0002830443746739665)	(65, 0.00011977696459754752)	(70, 0.0011161359409372657)	(75, 0.0010234513849986873)	(80, 0.0010836963463587634)	(85, 0.001262292356071178)	(90, 0.000997428413523625)	(95, 0.0012794033510136848)	(100, 0.00014544345701130771)	(105, 9.767526279680958e-05)	(110, 0.0007154534760335652)	(115, 0.00016576276350553453)	(120, 0.00039034457212593613)	(125, 0.0003368727129306024)	(130, 0.0004687699656124256)	(135, 0.0008170500085046993)	(140, 0.00011621217398452528)	(145, 0.0005760701630643952)	(150, 5.881904511486709e-05)
SRR12231701_2	(1, 2.226430972455095)	(2, 0.024588143253320954)	(3, 0.001999847533905481)	(4, 0.0013332316892703208)	(5, 0.001666539611587901)	(6, 0.0005935376370682043)	(7, 0.0007575180052672276)	(8, 0.003566573008328759)	(9, 0.0009535814889834513)	(10, 0.0007910270370296368)	(15, 0.0005268760526046882)	(20, 0.004280244089055813)	(25, 0.0027947958406094424)	(30, 0.003854608089860957)	(35, 0.0032200753607429964)	(40, 0.0023670209670467726)	(45, 0.0029413087348046565)	(50, 0.0016237621242316338)	(55, 0.0071655856112360205)	(60, 0.004230693499534804)	(65, 0.0011995520412819865)	(70, 0.0020176714869705923)	(75, 0.001430550473005828)	(80, 0.005586383369667164)	(85, 0.004104499911833816)	(90, 0.0009710489629872603)	(95, 0.00404104663892202)	(100, 0.0037455254971024755)	(105, 0.0016219797289251227)	(110, 0.004265984926603724)	(115, 0.0038863347263168547)	(120, 0.0015895401343466202)	(125, 0.0033074127307620416)	(130, 0.0027078149496516995)	(135, 0.001610928878024754)	(140, 0.0005571767728153774)	(145, 0.0007208006619530985)	(150, 0.0016674308092411564)
SRR12231702_1	(1, 0.9152765416138091)	(2, 0.09188545950261347)	(3, 0.0008928760498115682)	(4, 2.1830710264341523e-06)	(5, 0.00027725002035713735)	(6, 4.3661420528683046e-06)	(7, 1.7464568211473218e-05)	(8, 0.00012006890645387836)	(9, 0.0)	(10, 8.732284105736608e-07)	(15, 1.3098426158604913e-05)	(20, 0.0)	(25, 8.732284105736608e-07)	(30, 1.4844882979752234e-05)	(35, 8.732284105736608e-07)	(40, 4.8464176786838175e-05)	(45, 4.628110576040402e-05)	(50, 0.00011046339393756809)	(55, 3.4492522217659606e-05)	(60, 0.0002811795482047188)	(65, 0.0001174492212221574)	(70, 0.0010932819700382233)	(75, 0.0010683949603368741)	(80, 0.0010941551984487972)	(85, 0.0012941245044701655)	(90, 0.0010286630676557725)	(95, 0.0013342930113565538)	(100, 0.00014801221559223552)	(105, 0.00011090000814285492)	(110, 0.0007051319415382312)	(115, 0.00017027954006186387)	(120, 0.00040299491147974443)	(125, 0.00035016459264003804)	(130, 0.0005248102747547702)	(135, 0.0008003138382907601)	(140, 0.00011570276440101007)	(145, 0.0005331059446552199)	(150, 5.239370463441965e-05)
SRR12231702_2	(1, 2.2222637005717245)	(2, 0.02422117303828692)	(3, 0.001997509989187249)	(4, 0.0013273071840719645)	(5, 0.0015456142867153796)	(6, 0.0006068937453486943)	(7, 0.0007400610779611775)	(8, 0.0036129825487485217)	(9, 0.0009561851095781586)	(10, 0.0007754268285894108)	(15, 0.0005160779906490336)	(20, 0.004358719611378428)	(25, 0.0028436683190331265)	(30, 0.003932584147018482)	(35, 0.003281592366935817)	(40, 0.002366012378449334)	(45, 0.0029698498243610205)	(50, 0.0016333737419780326)	(55, 0.007196711945742826)	(60, 0.004301523150485853)	(65, 0.0011963229224859154)	(70, 0.0020538332216692504)	(75, 0.00145741821724744)	(80, 0.0057165897898204705)	(85, 0.004208087710554472)	(90, 0.0010146914130865939)	(95, 0.003989780607911057)	(100, 0.0038841199702316434)	(105, 0.0016429792544943428)	(110, 0.004275326298168644)	(115, 0.003995456592579785)	(120, 0.0015731209816484501)	(125, 0.0033959852887209675)	(130, 0.0027043883875466274)	(135, 0.0016517115386000794)	(140, 0.0005654153958464454)	(145, 0.0007400610779611775)	(150, 0.0017540975697398413)
