Sample	0	1	2	3	4	5	6	7	8	9	10	11	12	13	14	15	16	17	18	19	20	21	22	23	24	25	26	27	28	29	30	31	32	33	34	35
SRR12231697_1 - illumina_universal_adapter	(1, 0.0003485980320894093)	(2, 0.0003770550143007896)	(3, 0.0004535331539938743)	(4, 0.0005940395036625648)	(5, 0.0006367249769796353)	(6, 0.0008039097474714949)	(7, 0.000857266589117833)	(8, 0.0009070663079877486)	(9, 0.000974651640739777)	(10, 0.0012257845087552085)	(15, 0.0019190677378799624)	(20, 0.002747877344786415)	(25, 0.004010300218138776)	(30, 0.006265160346113026)	(35, 0.010050294692504253)	(40, 0.016086020619538028)	(45, 0.02535837256083867)	(50, 0.04312691225362456)	(55, 0.07390669563800882)	(60, 0.13452824913063474)	(65, 0.24372160271075521)	(70, 0.4395177345424918)	(75, 0.7860120842219247)	(80, 1.3434562644729322)	(85, 2.223497687879088)	(90, 3.4603850439563444)	(95, 5.141322976130088)	(100, 7.188746999411313)	(105, 9.59845437323968)	(110, 12.242504639866485)	(115, 15.130929952658073)	(120, 18.15479911798295)	(125, 21.285646616535068)	(130, 24.444945405902125)	(135, 27.608513098313164)	(140, 29.499016428873897)
SRR12231697_1 - polya	(1, 0.0026002567495648794)	(2, 0.004935507852286279)	(3, 0.007204952183643862)	(4, 0.010150249842521728)	(5, 0.012378787261950451)	(6, 0.014185805632373105)	(7, 0.016131551791076237)	(8, 0.01932762660569189)	(9, 0.024617068174232214)	(10, 0.03528203368250229)	(15, 0.04744846071470031)	(20, 0.05878927955049067)	(25, 0.06969790796894568)	(30, 0.07973041704756782)	(35, 0.08998844771021515)	(40, 0.10107813367799005)	(45, 0.11091500100390897)	(50, 0.12074759978249616)	(55, 0.1300427173095659)	(60, 0.1404679327427051)	(65, 0.4611752765667404)	(70, 0.5092295152902656)	(75, 0.5182475329530519)	(80, 0.5273480758642515)	(85, 0.5359467087516976)	(90, 0.5457455148639089)	(95, 0.5562226642895838)	(100, 0.5670669087857856)	(105, 0.5796228407620019)	(110, 0.5947413239863529)	(115, 0.6167809009967893)	(120, 0.6500602745561659)	(125, 0.7071161681777057)	(130, 0.8088470338851692)	(135, 0.9800065333674034)	(140, 1.1405238329271365)
SRR12231697_2 - illumina_universal_adapter	(1, 0.0002916840676666486)	(2, 0.0002952411904430711)	(3, 0.0003308124182072966)	(4, 0.00040906911928859254)	(5, 0.00043752610149997285)	(6, 0.0005140042411930576)	(7, 0.0005282327322987477)	(8, 0.0005726967670040296)	(9, 0.0006331678542032127)	(10, 0.0008512194803979148)	(15, 0.001591456730171446)	(20, 0.002578558300628702)	(25, 0.004221237598780633)	(30, 0.0069242951965841236)	(35, 0.011223078071890769)	(40, 0.017920428835339133)	(45, 0.02782666005539828)	(50, 0.04626144884420811)	(55, 0.07764345311464073)	(60, 0.13844286274608777)	(65, 0.24716311899694404)	(70, 0.4416975393798836)	(75, 0.7847852325763367)	(80, 1.335603204519424)	(85, 2.2073227391901393)	(90, 3.432184530297144)	(95, 5.093472204829373)	(100, 7.117234603114115)	(105, 9.497635198099815)	(110, 12.112954584061454)	(115, 14.972692413085749)	(120, 17.968139456002454)	(125, 21.055053642567536)	(130, 24.152062943572098)	(135, 27.253304864968335)	(140, 29.103745388835048)
SRR12231697_2 - polya	(1, 0.012353887402515494)	(2, 0.017586415006633056)	(3, 0.02006750814318778)	(4, 0.02299324162679532)	(5, 0.025305371431469974)	(6, 0.02713195397716295)	(7, 0.02919864231026445)	(8, 0.0335294392905589)	(9, 0.039316878047798376)	(10, 0.05025111775024362)	(15, 0.06415270927278058)	(20, 0.07906132225332274)	(25, 0.09285157583295765)	(30, 0.10617798060254706)	(35, 0.11974449115954502)	(40, 0.1337104666043352)	(45, 0.14760031962170997)	(50, 0.16096976557689407)	(55, 0.17483969870672084)	(60, 0.18899953734282607)	(65, 0.23621251652972722)	(70, 0.573899430214738)	(75, 0.5884160482653183)	(80, 0.6026068338695785)	(85, 0.6174837884574105)	(90, 0.6327691007399758)	(95, 0.6482710417996252)	(100, 0.6652118390223376)	(105, 0.6836462720988699)	(110, 0.7031915946184787)	(115, 0.7260838139584237)	(120, 0.7569614182191596)	(125, 0.8003793031158954)	(130, 0.8717099304392191)	(135, 0.989914543148851)	(140, 1.0911598615973328)
SRR12231698_1 - illumina_universal_adapter	(1, 0.0002101686434112521)	(2, 0.0002529463318931884)	(3, 0.0003143230153672708)	(4, 0.00048357386979580125)	(5, 0.0005523901512667422)	(6, 0.0007067618097015557)	(7, 0.0007625587946779943)	(8, 0.0008239354781520768)	(9, 0.0008871720611253738)	(10, 0.0011523937297133787)	(15, 0.001837208725324202)	(20, 0.0027005740728596288)	(25, 0.003968653551424157)	(30, 0.00649551301105714)	(35, 0.010617422281216581)	(40, 0.01726953883010759)	(45, 0.027485594799393654)	(50, 0.04765360100907731)	(55, 0.08111802873864629)	(60, 0.14613341959299225)	(65, 0.2641570621146544)	(70, 0.47557481402957896)	(75, 0.8443244404222672)	(80, 1.438181794983799)	(85, 2.376790120719753)	(90, 3.692889972474603)	(95, 5.490860398063875)	(100, 7.68290372568744)	(105, 10.252265980656375)	(110, 13.055561558897827)	(115, 16.11206013516336)	(120, 19.280644066829463)	(125, 22.550895684821132)	(130, 25.828569789734267)	(135, 29.10654408242658)	(140, 31.054390417381164)
SRR12231698_1 - polya	(1, 0.0031822880431562153)	(2, 0.0059051809100064195)	(3, 0.008622494078358979)	(4, 0.01202425026242252)	(5, 0.014334245440447079)	(6, 0.01616252664817505)	(7, 0.018249333886293854)	(8, 0.02145952042193829)	(9, 0.026667239019739226)	(10, 0.03709532353193576)	(15, 0.048920564547942316)	(20, 0.059888763874710774)	(25, 0.07070259154304441)	(30, 0.08097556043700646)	(35, 0.09150891526085853)	(40, 0.10308678964346954)	(45, 0.11295244054710359)	(50, 0.12282292718943558)	(55, 0.1319892558813649)	(60, 0.14190438011167802)	(65, 0.35052335526018447)	(70, 0.3880379001392432)	(75, 0.3967195390216773)	(80, 0.4055681968791407)	(85, 0.4142252850881851)	(90, 0.423572767991338)	(95, 0.4339621665939508)	(100, 0.44476669476478836)	(105, 0.4572748908769066)	(110, 0.4726584916148105)	(115, 0.4958707813248086)	(120, 0.5307048390455993)	(125, 0.5904128206889864)	(130, 0.6981653542161858)	(135, 0.880216408978211)	(140, 1.0505177346438979)
SRR12231698_2 - illumina_universal_adapter	(1, 0.00018784984942067664)	(2, 0.00019900924641596437)	(3, 0.00022504783940496904)	(4, 0.0003254824123625585)	(5, 0.0003682601008444948)	(6, 0.00044265608081307963)	(7, 0.00046311497530444044)	(8, 0.0005133322617832352)	(9, 0.0005598297492636007)	(10, 0.0007971529253633862)	(15, 0.0015065185943638425)	(20, 0.0025194198616361246)	(25, 0.004165802898340907)	(30, 0.007245424489140476)	(35, 0.011979240694541525)	(40, 0.01935671804812624)	(45, 0.030302598580904117)	(50, 0.05114500434900301)	(55, 0.08530205865207949)	(60, 0.15080623109481905)	(65, 0.2685985021187789)	(70, 0.4788069473793142)	(75, 0.8439357214269313)	(80, 1.4310148582535251)	(85, 2.361503978715608)	(90, 3.6664325301183753)	(95, 5.446105636414273)	(100, 7.6169048199779095)	(105, 10.158164365493613)	(110, 12.932746443286288)	(115, 15.961521357616528)	(120, 19.104307739268723)	(125, 22.331000139008886)	(130, 25.547526700066246)	(135, 28.762191501724885)	(140, 30.669231269686804)
SRR12231698_2 - polya	(1, 0.012907702524549465)	(2, 0.017827136699972136)	(3, 0.020230126852957424)	(4, 0.023403115398617568)	(5, 0.02587306193357458)	(6, 0.02767158474931512)	(7, 0.02963191882148733)	(8, 0.034138455308084355)	(9, 0.039958080841126904)	(10, 0.0507689326702618)	(15, 0.06516269489468376)	(20, 0.08024164409461636)	(25, 0.09469715498241223)	(30, 0.10880412070405529)	(35, 0.12299552586296267)	(40, 0.1374249981577695)	(45, 0.15198168757832267)	(50, 0.1663066335212737)	(55, 0.1808160814945468)	(60, 0.19532552946781986)	(65, 0.2276609982013656)	(70, 0.45503966365875037)	(75, 0.4697101789286555)	(80, 0.4841299797460664)	(85, 0.49922938784049037)	(90, 0.514796374669017)	(95, 0.5304016754272272)	(100, 0.5476957649307245)	(105, 0.566625450053831)	(110, 0.5866584275598716)	(115, 0.6096787756415509)	(120, 0.6425126974408861)	(125, 0.6883785630513184)	(130, 0.7641899265388055)	(135, 0.890184354354302)	(140, 0.9988181082642291)
SRR12231699_1 - illumina_universal_adapter	(1, 0.00027923033874268304)	(2, 0.00036282158664654356)	(3, 0.0004410772229820726)	(4, 0.0007772207517869585)	(5, 0.0008465837021752684)	(6, 0.001129371115296839)	(7, 0.0012182979747690312)	(8, 0.0012823253135890095)	(9, 0.0013908160821450837)	(10, 0.0018034367100960547)	(15, 0.0030398757641974133)	(20, 0.0045726191140601155)	(25, 0.006622916786050976)	(30, 0.010236192940125084)	(35, 0.016032801347960448)	(40, 0.026045965724529274)	(45, 0.041654052391650535)	(50, 0.07136914033800246)	(55, 0.12314057938552322)	(60, 0.22404908819556052)	(65, 0.40352341022696586)	(70, 0.7179606040495655)	(75, 1.257443934016128)	(80, 2.09454981150885)	(85, 3.353528978826906)	(90, 5.032334339665246)	(95, 7.206259198816662)	(100, 9.725863036060447)	(105, 12.586484305423067)	(110, 15.608407870937674)	(115, 18.832561430407743)	(120, 22.101129687694915)	(125, 25.448938535213134)	(130, 28.750795673075128)	(135, 32.01979504777702)	(140, 33.94803847089767)
SRR12231699_1 - polya	(1, 0.0036851290565276386)	(2, 0.0064649826836283624)	(3, 0.009337320244580167)	(4, 0.012698755532629025)	(5, 0.015078438292104885)	(6, 0.016883653539390385)	(7, 0.018939642530387463)	(8, 0.022338427099414644)	(9, 0.02780387188257557)	(10, 0.038244596599486695)	(15, 0.050738820355329686)	(20, 0.06191763800586)	(25, 0.07247218910289552)	(30, 0.08252412559019422)	(35, 0.09321242268387595)	(40, 0.10435246822367639)	(45, 0.11462529902990401)	(50, 0.12448693203793222)	(55, 0.13397400511386354)	(60, 0.14421019805398863)	(65, 0.5076841521416202)	(70, 0.5739172327839468)	(75, 0.5830831020434646)	(80, 0.5922123334368798)	(85, 0.6014450756947206)	(90, 0.6114845624216934)	(95, 0.6223884182227355)	(100, 0.6346717074679105)	(105, 0.650016570630994)	(110, 0.6701510344452498)	(115, 0.701774492795875)	(120, 0.7528398525791865)	(125, 0.8434755305829963)	(130, 1.0055799470074174)	(135, 1.276250186257307)	(140, 1.5299883957562537)
SRR12231699_2 - illumina_universal_adapter	(1, 0.00023476690900658704)	(2, 0.00026144496684824464)	(3, 0.00029701571063712144)	(4, 0.00045530552049762333)	(5, 0.0004908762642865001)	(6, 0.0006118167931686813)	(7, 0.0006545016857153335)	(8, 0.0007043007270197611)	(9, 0.0007861134377341777)	(10, 0.0011684989334646036)	(15, 0.00244015302391695)	(20, 0.004138656039835818)	(25, 0.0065368355860818935)	(30, 0.010637786637501503)	(35, 0.01696013063853647)	(40, 0.027542426915727326)	(45, 0.04379114267848626)	(50, 0.07404761734530488)	(55, 0.12647142383391366)	(60, 0.2276445789777402)	(65, 0.4063672911928865)	(70, 0.7187623686145669)	(75, 1.2537972213628923)	(80, 2.0822270387380697)	(85, 3.3320858673486575)	(90, 5.000417066970925)	(95, 7.154695492912867)	(100, 9.652908151964336)	(105, 12.48553595737999)	(110, 15.482218167394567)	(115, 18.683212326998575)	(120, 21.93187448464662)	(125, 25.241632596118997)	(130, 28.48819252280912)	(135, 31.700137847303402)	(140, 33.592003782166046)
SRR12231699_2 - polya	(1, 0.014388365862600675)	(2, 0.019028569389859657)	(3, 0.0213833526286833)	(4, 0.024221897983035673)	(5, 0.026592688056564312)	(6, 0.028579314097173084)	(7, 0.030617517716275723)	(8, 0.0351723514584414)	(9, 0.04117135739843548)	(10, 0.0514979000277843)	(15, 0.06618826150515256)	(20, 0.08393877407067786)	(25, 0.1010354963653636)	(30, 0.11522502177018445)	(35, 0.12888169743304795)	(40, 0.14289834902305487)	(45, 0.15715261318157145)	(50, 0.1709316522030687)	(55, 0.18522753413181828)	(60, 0.19939678421267945)	(65, 0.24091886914487323)	(70, 0.647183716595648)	(75, 0.6623162224183119)	(80, 0.6764534588297632)	(85, 0.6914753396392437)	(90, 0.7069269150336938)	(95, 0.7225773308859239)	(100, 0.7402591919159367)	(105, 0.759892819657645)	(110, 0.7819392109505532)	(115, 0.8095858601455819)	(120, 0.8511556098744528)	(125, 0.9142719819459979)	(130, 1.0236367236769648)	(135, 1.2088859559624945)	(140, 1.367358955153509)
SRR12231700_1 - illumina_universal_adapter	(1, 0.00014761209056569495)	(2, 0.0001816764191577784)	(3, 0.0002289879866467832)	(4, 0.0003709226891137976)	(5, 0.00041823425660280234)	(6, 0.000582878511464539)	(7, 0.0006264051535544234)	(8, 0.000662361944846067)	(9, 0.0007342755274293544)	(10, 0.0010060331710861979)	(15, 0.0018334178633339134)	(20, 0.0028648100345942183)	(25, 0.0041865059839670555)	(30, 0.006270864401262651)	(35, 0.00970000681286572)	(40, 0.015109800685828484)	(45, 0.023434365608653855)	(50, 0.03899040899903863)	(55, 0.06529450504530555)	(60, 0.11640538064994739)	(65, 0.2084138891622446)	(70, 0.3713087515045078)	(75, 0.6594638274679605)	(80, 1.1290776893787424)	(85, 1.8749388734548043)	(90, 2.9402909093661767)	(95, 4.401722519549139)	(100, 6.210634504893909)	(105, 8.365146135969662)	(110, 10.768672550964022)	(115, 13.419499557163729)	(120, 16.22095372550207)	(125, 19.145626140208776)	(130, 22.126651552197906)	(135, 25.146197663944044)	(140, 26.960691657267436)
SRR12231700_1 - polya	(1, 0.0023050195680643136)	(2, 0.00463842607662203)	(3, 0.006790156166021967)	(4, 0.009776462305927951)	(5, 0.011962256723919972)	(6, 0.013502721361361967)	(7, 0.015321378015639311)	(8, 0.018604800799376243)	(9, 0.023633074192107674)	(10, 0.03395986465106773)	(15, 0.04579154144871804)	(20, 0.056575172403351935)	(25, 0.06695987222091852)	(30, 0.07631431534484456)	(35, 0.08597987933657829)	(40, 0.09682671854537747)	(45, 0.10654792094047827)	(50, 0.11584218375055828)	(55, 0.12481699885695255)	(60, 0.13466310379022428)	(65, 0.3302896224915407)	(70, 0.3710059574725782)	(75, 0.3794701861426311)	(80, 0.3880842978584892)	(85, 0.39656858663315747)	(90, 0.40560055411307844)	(95, 0.41521956352240297)	(100, 0.4254172880252531)	(105, 0.43733034071898436)	(110, 0.4510809746939888)	(115, 0.47070354193318853)	(120, 0.4994788157725411)	(125, 0.5477763563280168)	(130, 0.6320988168323203)	(135, 0.7728128808581183)	(140, 0.9036093048606012)
SRR12231700_2 - illumina_universal_adapter	(1, 0.0001343648516687736)	(2, 0.00014382716516657455)	(3, 0.00016842918026085705)	(4, 0.0002460201509428249)	(5, 0.00028008447953490836)	(6, 0.00035010559941863546)	(7, 0.00037470761451291793)	(8, 0.0004106644058045616)	(9, 0.0004712232121904877)	(10, 0.000701346676457007)	(15, 0.0016025374139875704)	(20, 0.002805386705828028)	(25, 0.004474160314300205)	(30, 0.007091814720331863)	(35, 0.011161366509466097)	(40, 0.017361452805765197)	(45, 0.026470254271288313)	(50, 0.04270871971113449)	(55, 0.06963278653777735)	(60, 0.12129966768354997)	(65, 0.21365828179526578)	(70, 0.37638433646472824)	(75, 0.6628108369984027)	(80, 1.1291469535135463)	(85, 1.871265981847498)	(90, 2.931574983157082)	(95, 4.383891357501343)	(100, 6.182344458490723)	(105, 8.32302370120285)	(110, 10.712315768756195)	(115, 13.351163486067687)	(120, 16.143264346759725)	(125, 19.0445746879329)	(130, 21.985120322778435)	(135, 24.96314012550813)	(140, 26.75064154485515)
SRR12231700_2 - polya	(1, 0.0126359734449634)	(2, 0.018330393707940016)	(3, 0.020871971113449354)	(4, 0.02399453456772367)	(5, 0.02658910092882069)	(6, 0.028483456091080446)	(7, 0.03072413192735971)	(8, 0.03558208367713073)	(9, 0.041620932151427294)	(10, 0.05297003096068977)	(15, 0.06778687842062633)	(20, 0.08328122752700544)	(25, 0.09785091935837945)	(30, 0.1120103252764888)	(35, 0.12614475068696396)	(40, 0.1405244392633021)	(45, 0.15501616163145426)	(50, 0.16884968547269932)	(55, 0.1832354299296761)	(60, 0.19777522085039706)	(65, 0.2248976177679538)	(70, 0.4485624853334141)	(75, 0.4634660075849905)	(80, 0.4780917163122715)	(85, 0.49365457256837464)	(90, 0.5094672339008197)	(95, 0.5253748968607829)	(100, 0.5424418824704965)	(105, 0.5610008856725434)	(110, 0.5800436023405979)	(115, 0.6019102518489361)	(120, 0.6315723337093025)	(125, 0.671286041952113)	(130, 0.7338099816052626)	(135, 0.8346241190586132)	(140, 0.9202800087810269)
SRR12231701_1 - illumina_universal_adapter	(1, 0.0004010389439650029)	(2, 0.00046698757030591445)	(3, 0.0006060144042137821)	(4, 0.0009571462795964736)	(5, 0.0010533956261480743)	(6, 0.0013564028282549653)	(7, 0.00141165708275681)	(8, 0.0014936472668563218)	(9, 0.0016487156585227897)	(10, 0.0021976934129282156)	(15, 0.003928042776489215)	(20, 0.006268684292999623)	(25, 0.009768952195926167)	(30, 0.01641871260545787)	(35, 0.02735976795494575)	(40, 0.045436821153581566)	(45, 0.07303649951678373)	(50, 0.12148449930118518)	(55, 0.20044425490056667)	(60, 0.3393117426680322)	(65, 0.5667956473264952)	(70, 0.9381840888886244)	(75, 1.5529072765700198)	(80, 2.487442445787155)	(85, 3.904633865970682)	(90, 5.840381117468103)	(95, 8.399520414459667)	(100, 11.447048858681487)	(105, 14.927482266637176)	(110, 18.63133571795248)	(115, 22.540011699999273)	(120, 26.47395206607867)	(125, 30.416411212286004)	(130, 34.25527041369769)	(135, 37.962246621590005)	(140, 40.131911868323336)
SRR12231701_1 - polya	(1, 0.0017128818895571901)	(2, 0.003586179356700381)	(3, 0.005527207845490995)	(4, 0.007790849884760123)	(5, 0.009573245191271246)	(6, 0.010790621185618344)	(7, 0.01214702401387331)	(8, 0.014451661145192193)	(9, 0.018196473684172064)	(10, 0.025415174675542117)	(15, 0.03379136317896049)	(20, 0.041490241465904645)	(25, 0.04888361719731278)	(30, 0.055620358497802225)	(35, 0.06314277964940176)	(40, 0.0711902944582995)	(45, 0.07809814570821401)	(50, 0.08462741619502556)	(55, 0.09113351554285246)	(60, 0.09861886287207658)	(65, 0.46295329676915714)	(70, 0.5271993791132894)	(75, 0.5340252401791045)	(80, 0.5414196853476964)	(85, 0.5491392394201962)	(90, 0.5578266341441313)	(95, 0.5690995714996916)	(100, 0.5838446149123355)	(105, 0.6044583731111979)	(110, 0.6333987692239578)	(115, 0.679018107656926)	(120, 0.7516685403503195)	(125, 0.8735665553626152)	(130, 1.076146119840382)	(135, 1.3943471724980967)	(140, 1.680984143151867)
SRR12231701_2 - illumina_universal_adapter	(1, 0.00032617834109153565)	(2, 0.00032617834109153565)	(3, 0.00039925654865849175)	(4, 0.0005881904511486709)	(5, 0.0006630510540221381)	(6, 0.000791383516090939)	(7, 0.0008181194456886059)	(8, 0.0008733737001904507)	(9, 0.0010141829294048295)	(10, 0.0015086193874310151)	(15, 0.003277824968673957)	(20, 0.005804548555184126)	(25, 0.00968090186778452)	(30, 0.016805848866032085)	(35, 0.028317270713603526)	(40, 0.04705381017564847)	(45, 0.07537250680549719)	(50, 0.12439336844141136)	(55, 0.20410885965075357)	(60, 0.3435484963116092)	(65, 0.5712609040483668)	(70, 0.9423456254502665)	(75, 1.555096770964538)	(80, 2.4848447828674454)	(85, 3.8983986907094446)	(90, 5.828706784689516)	(95, 8.37764044263506)	(100, 11.414802475754211)	(105, 14.881769887169208)	(110, 18.57391656611135)	(115, 22.474290507299468)	(120, 26.404969802926082)	(125, 30.326291523193497)	(130, 34.12321488431265)	(135, 37.789709686482546)	(140, 39.9328610900734)
SRR12231701_2 - polya	(1, 0.009690883281500981)	(2, 0.013801086858315633)	(3, 0.01566547234892627)	(4, 0.01810735391884651)	(5, 0.020050164802943634)	(6, 0.021465386676313467)	(7, 0.022985769872767455)	(8, 0.0264061864659623)	(9, 0.03125073690905954)	(10, 0.03982762312399106)	(15, 0.05072447506987747)	(20, 0.06234462303114609)	(25, 0.07325216934887156)	(30, 0.08390946736556289)	(35, 0.09481095353924622)	(40, 0.10607604835545781)	(45, 0.11715042687387274)	(50, 0.1278761688703341)	(55, 0.13885928874905562)	(60, 0.14982101988409904)	(65, 0.18849008605885786)	(70, 0.5949781689549266)	(75, 0.6073786495813858)	(80, 0.6192419162624625)	(85, 0.6323435912025032)	(90, 0.6459657255720451)	(95, 0.6606747645994975)	(100, 0.679082986846083)	(105, 0.7020847982766091)	(110, 0.7304954665042739)	(115, 0.7683849129719647)	(120, 0.8266068556591506)	(125, 0.91439160690013)	(130, 1.059321377584101)	(135, 1.2895808282138632)	(140, 1.4793649332652483)
SRR12231702_1 - illumina_universal_adapter	(1, 0.0003798543585995425)	(2, 0.0004387972763132646)	(3, 0.0005370354725028015)	(4, 0.0007771732854105582)	(5, 0.000847031558256451)	(6, 0.0010675217319263005)	(7, 0.001117732365534286)	(8, 0.0011701260701687055)	(9, 0.001277096550463979)	(10, 0.0016080501180713966)	(15, 0.0027353879961219928)	(20, 0.004113342428007229)	(25, 0.006130936670637672)	(30, 0.009788453868325452)	(35, 0.015701083436319707)	(40, 0.025276906186670473)	(45, 0.04022875964671798)	(50, 0.06600427925582601)	(55, 0.1093338729884911)	(60, 0.18694728734868862)	(65, 0.3151621050306034)	(70, 0.5279770375857156)	(75, 0.8941169073829933)	(80, 1.471519982849794)	(85, 2.3842052191552257)	(90, 3.690892860768314)	(95, 5.507881213866082)	(100, 7.770057128785692)	(105, 10.47606360857711)	(110, 13.474913348453281)	(115, 16.753730595500294)	(120, 20.1646170904335)	(125, 23.719466204204902)	(130, 27.26782985057097)	(135, 30.752597581637577)	(140, 32.82401631365317)
SRR12231702_1 - polya	(1, 0.002451588762685553)	(2, 0.0047176164881242025)	(3, 0.007123360759254639)	(4, 0.010120717278548729)	(5, 0.01224484538726916)	(6, 0.013823205739381051)	(7, 0.015670083827744343)	(8, 0.018759129330148668)	(9, 0.023756178909656443)	(10, 0.0345986194695443)	(15, 0.04591216675693665)	(20, 0.05595516670694432)	(25, 0.06534324534902175)	(30, 0.07384630699698277)	(35, 0.08285060175261308)	(40, 0.0924709591519031)	(45, 0.10094040150605703)	(50, 0.10927711314180377)	(55, 0.11726846294116863)	(60, 0.12627668722464652)	(65, 0.3665974414844185)	(70, 0.4122681605858315)	(75, 0.4201839761276817)	(80, 0.42824824049932947)	(85, 0.4361898162792916)	(90, 0.4449631421203252)	(95, 0.45499566332940605)	(100, 0.46668862836119257)	(105, 0.48129686644167935)	(110, 0.5002913308284777)	(115, 0.528064360426773)	(120, 0.5708577919153457)	(125, 0.6420813573811707)	(130, 0.7588848261937087)	(135, 0.9431019649167389)	(140, 1.1134317156122107)
SRR12231702_2 - illumina_universal_adapter	(1, 0.0003099960857536496)	(2, 0.00031872836985938623)	(3, 0.00038422050065241075)	(4, 0.0005042894071062891)	(5, 0.0005501338986614063)	(6, 0.0006440059527980749)	(7, 0.0006702028051152847)	(8, 0.0006963996574324945)	(9, 0.0007990039956748997)	(10, 0.0011002677973228126)	(15, 0.0022738867811338127)	(20, 0.003819501067849193)	(25, 0.00622218903954262)	(30, 0.010483543683142086)	(35, 0.01713055834442879)	(40, 0.02742417484827111)	(45, 0.043208651597800594)	(50, 0.06969716220414204)	(55, 0.11368080401632674)	(60, 0.191907224720747)	(65, 0.32030192745523994)	(70, 0.5327322028954945)	(75, 0.8973683733697644)	(80, 1.4708401745321624)	(85, 2.379431716048825)	(90, 3.6807297919118525)	(95, 5.487461204099021)	(100, 7.7371311783365995)	(105, 10.42570539936774)	(110, 13.40755993130312)	(115, 16.672283708417684)	(120, 20.073774702267315)	(125, 23.600435566331193)	(130, 27.0997132972821)	(135, 30.53435771758178)	(140, 32.57448037997661)
SRR12231702_2 - polya	(1, 0.011902103236118998)	(2, 0.01650401695984219)	(3, 0.018588849790086806)	(4, 0.02137226534879035)	(5, 0.023699419062969157)	(6, 0.025432777457957873)	(7, 0.02716613585294659)	(8, 0.031289957021880706)	(9, 0.036869886565446396)	(10, 0.04678757823853675)	(15, 0.059747161079860445)	(20, 0.07328875065683149)	(25, 0.08614441931729694)	(30, 0.09894027183163807)	(35, 0.11162871725147865)	(40, 0.12464113041164207)	(45, 0.13801549674798824)	(50, 0.15131039929897222)	(55, 0.1648153132826992)	(60, 0.1783381284488429)	(65, 0.21083576036254695)	(70, 0.48243424644645155)	(75, 0.49742583179918015)	(80, 0.5113769655007102)	(85, 0.526163342176954)	(90, 0.5418801437246641)	(95, 0.558051897274283)	(100, 0.5765115092596049)	(105, 0.5974877655242001)	(110, 0.6200022136340209)	(115, 0.6482498428734628)	(120, 0.6872359984919345)	(125, 0.7428606482454766)	(130, 0.8303878247509171)	(135, 0.9659735634464841)	(140, 1.0767779530783812)
