Sample	0	1	2	3	4	5	6	7	8	9	10	11	12	13	14	15	16	17	18	19	20	21	22	23	24	25	26	27	28	29	30	31	32	33	34	35	36	37
SRR12231697_1	(1, 31.49182890659186)	(2, 31.618908807412872)	(3, 36.022364644675356)	(4, 36.56768437194293)	(5, 36.70405554859842)	(6, 40.447156922489064)	(7, 40.46368779688302)	(8, 40.543469827782076)	(9, 40.47610174630362)	(10, 40.56646142957527)	(15, 40.55822337510943)	(20, 40.52675226847057)	(25, 40.457952124933556)	(30, 40.421312024460484)	(35, 40.40048381138307)	(40, 40.35215333717609)	(45, 40.32849512346036)	(50, 40.286434924742046)	(55, 40.24762928705104)	(60, 40.16513464767952)	(65, 40.103253545468746)	(70, 40.04755777465474)	(75, 39.75145050307231)	(80, 39.997661828499474)	(85, 39.966027670466794)	(90, 39.85707064856682)	(95, 39.834126022137)	(100, 39.76064904827312)	(105, 39.695825689743444)	(110, 39.552633847549224)	(115, 39.462508326112825)	(120, 39.350968943347965)	(125, 39.114281856840144)	(130, 38.96247720306709)	(135, 38.784819423640464)	(140, 38.5559826723301)	(145, 38.232990549418425)	(150, 36.942496611440376)
SRR12231697_2	(1, 30.906609466709572)	(2, 31.579109672444662)	(3, 35.388577406468706)	(4, 36.144525667193065)	(5, 36.31636422141332)	(6, 39.93430486893452)	(7, 40.01243751535899)	(8, 40.013473136084116)	(9, 40.034577598873476)	(10, 40.026962268549354)	(15, 39.91424770490437)	(20, 39.818050053946436)	(25, 39.65658207775347)	(30, 39.70197199950336)	(35, 39.57150986184722)	(40, 39.40133313847415)	(45, 39.31714308901645)	(50, 39.27367223500444)	(55, 39.16285540347492)	(60, 39.09344496438315)	(65, 38.981087752849405)	(70, 38.893361599653765)	(75, 38.4062450270312)	(80, 38.939005941053104)	(85, 38.854012682601116)	(90, 38.79066920453148)	(95, 38.64005567110572)	(100, 38.47662883364238)	(105, 38.30737287505711)	(110, 38.05545932174881)	(115, 37.8214357945475)	(120, 37.514613402025645)	(125, 37.12863023009764)	(130, 36.70416630317318)	(135, 36.256001427259946)	(140, 35.87758264410078)	(145, 35.380219861134556)	(150, 32.829334362551236)
SRR12231698_1	(1, 31.4861684481962)	(2, 31.658995610376795)	(3, 35.99939043653813)	(4, 36.594803969010655)	(5, 36.70962001025698)	(6, 40.430066514097874)	(7, 40.445043094429366)	(8, 40.49008290427622)	(9, 40.475267484236326)	(10, 40.57116563956197)	(15, 40.55438531381693)	(20, 40.52957920554988)	(25, 40.462229027057184)	(30, 40.419025339754356)	(35, 40.40069291671783)	(40, 40.35897959292231)	(45, 40.33218144301641)	(50, 40.290435924360565)	(55, 40.25096856684291)	(60, 40.168929731620594)	(65, 40.110041913579174)	(70, 40.05682167056693)	(75, 39.78076460691601)	(80, 40.03290913613509)	(85, 40.00375486182379)	(90, 39.89794205840211)	(95, 39.87979881318326)	(100, 39.81014236303133)	(105, 39.747242291674425)	(110, 39.60800363111899)	(115, 39.52138159807252)	(120, 39.415078807847564)	(125, 39.18461164535897)	(130, 39.036027979286516)	(135, 38.85890452365872)	(140, 38.638076524672144)	(145, 38.31634725558624)	(150, 36.99778525027533)
SRR12231698_2	(1, 31.041707130330188)	(2, 31.63960606510251)	(3, 35.224654321868925)	(4, 36.18480400360478)	(5, 36.35660087445779)	(6, 40.00941122165899)	(7, 40.00340789385241)	(8, 40.00016028613884)	(9, 40.042514996276665)	(10, 40.05706185054866)	(15, 39.94610719872985)	(20, 39.861707563314795)	(25, 39.69149146568376)	(30, 39.76211717642111)	(35, 39.60576068903771)	(40, 39.43466813236667)	(45, 39.3551312004725)	(50, 39.32276224982817)	(55, 39.21955798893233)	(60, 39.15414867508385)	(65, 39.04573685554157)	(70, 38.96312659967631)	(75, 38.47263436127871)	(80, 39.03081124761575)	(85, 38.95238751764906)	(90, 38.8940327840021)	(95, 38.749990676323804)	(100, 38.5936067777416)	(105, 38.42898564466331)	(110, 38.1840002629154)	(115, 37.957661876445904)	(120, 37.659061257389524)	(125, 37.27733084930116)	(130, 36.85692378276924)	(135, 36.40978878125733)	(140, 36.03391606712496)	(145, 35.5400640207166)	(150, 33.01026433896028)
SRR12231699_1	(1, 31.555954220595027)	(2, 31.55497629192141)	(3, 35.98871939666612)	(4, 36.56124768083197)	(5, 36.67951462368412)	(6, 40.40632835901381)	(7, 40.418280929268604)	(8, 40.51557322733821)	(9, 40.43907142431056)	(10, 40.53262014347744)	(15, 40.55544669366557)	(20, 40.5260311433956)	(25, 40.455539127800385)	(30, 40.41595551323586)	(35, 40.38857764725212)	(40, 40.338303128258396)	(45, 40.317550786396225)	(50, 40.276608323177)	(55, 40.23576647536365)	(60, 40.15447726284265)	(65, 40.0951949652031)	(70, 40.04152767665312)	(75, 39.740547702661736)	(80, 39.97458796184297)	(85, 39.943348315374905)	(90, 39.832358147164065)	(95, 39.81046277502099)	(100, 39.73838596184945)	(105, 39.6714380301975)	(110, 39.528107724290166)	(115, 39.435890151282734)	(120, 39.32151288349219)	(125, 39.07808677490061)	(130, 38.91945804343622)	(135, 38.727654268448354)	(140, 38.481591225921136)	(145, 38.1293840879471)	(150, 36.777049042914)
SRR12231699_2	(1, 31.033916561919717)	(2, 31.59984229355034)	(3, 34.92903341376945)	(4, 36.04187862828256)	(5, 36.21980268837279)	(6, 39.83157821947867)	(7, 39.79288975335282)	(8, 39.68841899462067)	(9, 39.89385862571506)	(10, 39.871081917253136)	(15, 39.83136807463852)	(20, 39.67869921062472)	(25, 39.229755777320165)	(30, 39.353209688716504)	(35, 39.45644436765906)	(40, 39.36708915461894)	(45, 39.31764363315166)	(50, 39.293310284914185)	(55, 39.19970864715177)	(60, 39.14636715104415)	(65, 39.04669248462392)	(70, 38.97449804611683)	(75, 38.49996793297447)	(80, 39.00949659536404)	(85, 38.924408381164426)	(90, 38.867593928372834)	(95, 38.72335416747368)	(100, 38.567107313483646)	(105, 38.40696148268252)	(110, 38.163656275491995)	(115, 37.93642639447364)	(120, 37.6392529026883)	(125, 37.26636903202508)	(130, 36.84876386863283)	(135, 36.40862081875244)	(140, 36.02832635986687)	(145, 35.519840034096696)	(150, 32.9718238624983)
SRR12231700_1	(1, 31.54855993050877)	(2, 31.579876497884225)	(3, 35.96590255331068)	(4, 36.57496385396244)	(5, 36.67728340764403)	(6, 40.38399820594536)	(7, 40.382895316533315)	(8, 40.467137006729594)	(9, 40.420300049961014)	(10, 40.54721466582894)	(15, 40.53078083767969)	(20, 40.5064734298237)	(25, 40.43477234809202)	(30, 40.396994417235035)	(35, 40.3666206596368)	(40, 40.32516256254589)	(45, 40.2927894521699)	(50, 40.249867387568784)	(55, 40.206338671339786)	(60, 40.12030539806061)	(65, 40.05537663414154)	(70, 39.997309201910625)	(75, 39.70700425804107)	(80, 39.97770166839511)	(85, 39.94824684147976)	(90, 39.835822895770725)	(95, 39.81241031619267)	(100, 39.73709067924271)	(105, 39.66758824175075)	(110, 39.51859849132874)	(115, 39.424158527815415)	(120, 39.30893746924748)	(125, 39.06753454879904)	(130, 38.91523967283105)	(135, 38.73328463774479)	(140, 38.505109217807316)	(145, 38.18038730006132)	(150, 36.87007843311659)
SRR12231700_2	(1, 31.052871244407772)	(2, 31.600527713223773)	(3, 35.26935875793888)	(4, 36.13078081118521)	(5, 36.30395428188611)	(6, 39.91468604043814)	(7, 39.9468736326957)	(8, 39.91396243840034)	(9, 39.96237496498944)	(10, 39.98508979357017)	(15, 39.87213271462419)	(20, 39.77367180533372)	(25, 39.63960253362906)	(30, 39.70805669818248)	(35, 39.576444471359466)	(40, 39.40853371233053)	(45, 39.31389046047402)	(50, 39.274799849359965)	(55, 39.161620648282025)	(60, 39.07723243983861)	(65, 38.96003029832782)	(70, 38.879323603551775)	(75, 38.39592301461739)	(80, 38.96211971340545)	(85, 38.883819587745926)	(90, 38.82317154417386)	(95, 38.672635511684064)	(100, 38.51230760088718)	(105, 38.3417811821079)	(110, 38.09238821222834)	(115, 37.864797631393685)	(120, 37.56543690150867)	(125, 37.184883303180094)	(130, 36.76413061777553)	(135, 36.318433389097905)	(140, 35.94267378106478)	(145, 35.450966711581124)	(150, 32.92947838996844)
SRR12231701_1	(1, 31.563296751867956)	(2, 31.62991716299989)	(3, 36.0698284018525)	(4, 36.623453573780125)	(5, 36.72466803199335)	(6, 40.47791128294907)	(7, 40.53139173328978)	(8, 40.55353583827486)	(9, 40.48800571835192)	(10, 40.60714156248729)	(15, 40.59510013826575)	(20, 40.56202628188222)	(25, 40.49936440674567)	(30, 40.46503999686156)	(35, 40.44569279450833)	(40, 40.39533469435851)	(45, 40.377681933233006)	(50, 40.33933834670038)	(55, 40.3039767609874)	(60, 40.22595977486707)	(65, 40.16894391491757)	(70, 40.11748746713196)	(75, 39.83739684944162)	(80, 40.054733759424444)	(85, 40.0270298501485)	(90, 39.921369894847764)	(95, 39.90485802356922)	(100, 39.83440499197592)	(105, 39.77343336587334)	(110, 39.635503232667986)	(115, 39.55091438750739)	(120, 39.44050299765916)	(125, 39.20215183594648)	(130, 39.04030616418068)	(135, 38.84644369982702)	(140, 38.58696157157502)	(145, 38.22787701194331)	(150, 36.887555274974844)
SRR12231701_2	(1, 31.1424570714992)	(2, 31.701268229514838)	(3, 35.421224463867524)	(4, 36.323677408765114)	(5, 36.333294055282096)	(6, 40.06087906631432)	(7, 40.14739521551984)	(8, 40.105484132698116)	(9, 40.189593388753586)	(10, 40.20159208539484)	(15, 40.10445005823709)	(20, 40.03632828206663)	(25, 39.854713179888236)	(30, 39.95979275875884)	(35, 39.79657672087994)	(40, 39.65865266920738)	(45, 39.606183902877845)	(50, 39.59525158483015)	(55, 39.5161507775958)	(60, 39.47411467756728)	(65, 39.38585265789986)	(70, 39.32181117314818)	(75, 38.87585381770449)	(80, 39.34436750695495)	(85, 39.266328772047096)	(90, 39.22664178704237)	(95, 39.10450697368402)	(100, 38.97098843284265)	(105, 38.835852699786145)	(110, 38.62054536412616)	(115, 38.424454488558865)	(120, 38.159635009644624)	(125, 37.822201451771676)	(130, 37.44119225348898)	(135, 37.03717718704404)	(140, 36.68701844246206)	(145, 36.22299864589645)	(150, 33.69115880416746)
SRR12231702_1	(1, 31.522586489453694)	(2, 31.63912133137643)	(3, 36.06111387269596)	(4, 36.609363999368654)	(5, 36.70914486269902)	(6, 40.42122903405875)	(7, 40.43637033442247)	(8, 40.548022672502455)	(9, 40.49146871124367)	(10, 40.56461111318502)	(15, 40.5673968515313)	(20, 40.546182500808285)	(25, 40.48325359229795)	(30, 40.44233077761208)	(35, 40.42966071801642)	(40, 40.38228235709671)	(45, 40.360292824049054)	(50, 40.32151169809525)	(55, 40.2837471409956)	(60, 40.201685924627725)	(65, 40.140760271949524)	(70, 40.08806223411559)	(75, 39.81007678952336)	(80, 40.05352886663902)	(85, 40.02639176999688)	(90, 39.920390293804246)	(95, 39.900797746546765)	(100, 39.82908891058862)	(105, 39.766095527258585)	(110, 39.623718547131304)	(115, 39.53799009016738)	(120, 39.425821992825114)	(125, 39.18790329781258)	(130, 39.03148383555974)	(135, 38.84588514033763)	(140, 38.596165007860144)	(145, 38.25659096431268)	(150, 36.936170965460974)
SRR12231702_2	(1, 31.06946990451029)	(2, 31.684385235192064)	(3, 35.382734593358265)	(4, 36.27402671598661)	(5, 36.41600544719883)	(6, 40.064993408217035)	(7, 40.145078801223306)	(8, 40.099526644709336)	(9, 40.157785125994856)	(10, 40.148539728508915)	(15, 40.05640897914577)	(20, 39.97118548834098)	(25, 39.80696614035007)	(30, 39.87433104045383)	(35, 39.725296876920424)	(40, 39.57027222240778)	(45, 39.492659938878376)	(50, 39.45864592836515)	(55, 39.366306975152064)	(60, 39.311122620261564)	(65, 39.213148859465456)	(70, 39.13450737146678)	(75, 38.65406394171375)	(80, 39.18672724688765)	(85, 39.10953075106594)	(90, 39.06213716104275)	(95, 38.92835650335767)	(100, 38.784663690267635)	(105, 38.62991704548407)	(110, 38.39128475694669)	(115, 38.17548984511767)	(120, 37.88552755766964)	(125, 37.516313766686025)	(130, 37.10296031417012)	(135, 36.66375742762629)	(140, 36.28925691100253)	(145, 35.80111948755464)	(150, 33.211752355479064)
