Sample	0	1	2	3	4	5	6	7	8	9	10	11	12	13	14	15	16	17	18	19	20	21	22	23	24	25	26	27	28	29	30	31	32	33	34	35	36	37	38	39	40	41	42	43	44	45	46	47	48	49	50	51	52	53	54	55	56	57	58	59	60	61	62	63	64	65	66	67	68	69	70	71	72	73	74	75	76	77	78	79	80	81	82	83	84	85	86	87	88	89	90	91	92	93	94	95	96	97	98	99	100
SRR12231697_1	(0.0, 0.0013285768267246626)	(1.0, 0.0018843736919876574)	(2.0, 0.0024757415566274837)	(3.0, 0.0030937876707999336)	(4.0, 0.0038576748824173937)	(5.0, 0.0038585641574018148)	(6.0, 0.003464615339303404)	(7.0, 0.0031809366192731715)	(8.0, 0.003067998696251731)	(9.0, 0.0030742236211426764)	(10.0, 0.0031756009693666466)	(11.0, 0.0032129505187123196)	(12.0, 0.003379244940799008)	(13.0, 0.003622017011545884)	(14.0, 0.004064875953787438)	(15.0, 0.004891012414314354)	(16.0, 0.00598837774508961)	(17.0, 0.0076166402415640795)	(18.0, 0.010390288917972529)	(19.0, 0.014821546165341332)	(20.0, 0.022689851227496498)	(21.0, 0.034943171237830584)	(22.0, 0.05231160095855306)	(23.0, 0.07571998637346156)	(24.0, 0.10840706697581659)	(25.0, 0.15547905972616236)	(26.0, 0.2260901613141265)	(27.0, 0.34607825641205503)	(28.0, 0.446520976627399)	(29.0, 0.5216069099369686)	(30.0, 0.704164392938744)	(31.0, 0.8983651533115409)	(32.0, 1.023785829289296)	(33.0, 1.1845525180728245)	(34.0, 1.3920728391622759)	(35.0, 1.6187517005160892)	(36.0, 1.8297401940447815)	(37.0, 2.0395948619683373)	(38.0, 2.2151048407185785)	(39.0, 2.3746487763985282)	(40.0, 2.5446514751702507)	(41.0, 2.6848412300892663)	(42.0, 2.8303017178409444)	(43.0, 3.051886812083995)	(44.0, 3.3270560597883048)	(45.0, 3.540061428981664)	(46.0, 3.6956223020063925)	(47.0, 3.8607508845885055)	(48.0, 4.141331370573016)	(49.0, 4.35276272304395)	(50.0, 4.321360644794083)	(51.0, 4.210320434589397)	(52.0, 4.1641012565491105)	(53.0, 4.049206928561944)	(54.0, 3.7684263557059388)	(55.0, 3.5471080439582146)	(56.0, 3.3321987370232105)	(57.0, 3.032524627848201)	(58.0, 2.7809220565060264)	(59.0, 2.4682067296844865)	(60.0, 2.199236617896574)	(61.0, 2.094979797273049)	(62.0, 1.8798517286918774)	(63.0, 1.5899080663964005)	(64.0, 1.15326159919601)	(65.0, 0.7440643829397361)	(66.0, 0.6062961238032982)	(67.0, 0.5400931583131079)	(68.0, 0.42594671058783956)	(69.0, 0.33593518593975147)	(70.0, 0.29970612307444844)	(71.0, 0.23576814096957793)	(72.0, 0.19092378205520624)	(73.0, 0.14610432284039837)	(74.0, 0.10920919301176414)	(75.0, 0.08713649862345568)	(76.0, 0.07809701840681833)	(77.0, 0.06402335250337489)	(78.0, 0.03677685625570625)	(79.0, 0.021114945230087275)	(80.0, 0.02119764780363841)	(81.0, 0.02425586447506151)	(82.0, 0.023556894337306768)	(83.0, 0.015566758602285957)	(84.0, 0.006362762513530763)	(85.0, 0.0032218432685565276)	(86.0, 0.0015206602233595536)	(87.0, 0.0006171568391880293)	(88.0, 0.00018319064679068306)	(89.0, 9.782024828628707e-05)	(90.0, 4.8020849158722746e-05)	(91.0, 2.845679950146533e-05)	(92.0, 3.557099937683166e-05)	(93.0, 3.112462445472771e-05)	(94.0, 1.9564049657257416e-05)	(95.0, 1.3339124766311873e-05)	(96.0, 1.8674774672836622e-05)	(97.0, 1.778549968841583e-05)	(98.0, 1.3339124766311873e-05)	(99.0, 1.2449849781891084e-05)	(100.0, 2.845679950146533e-05)
SRR12231697_2	(0.0, 0.0014246255942542876)	(1.0, 0.0013943900947507634)	(2.0, 0.0014095078445025254)	(3.0, 0.001726091309892367)	(4.0, 0.0021404955089700814)	(5.0, 0.0024108364457074744)	(6.0, 0.002744316219643403)	(7.0, 0.0031862880800331535)	(8.0, 0.003606027955493843)	(9.0, 0.004187616681238102)	(10.0, 0.004919493625102821)	(11.0, 0.00580610518407381)	(12.0, 0.006830555049604983)	(13.0, 0.008079992602618262)	(14.0, 0.009519735946624313)	(15.0, 0.011289401946977641)	(16.0, 0.013866533639954496)	(17.0, 0.017557932417575937)	(18.0, 0.02280023446384874)	(19.0, 0.030350216545758164)	(20.0, 0.041206539426317676)	(21.0, 0.05679560725857589)	(22.0, 0.07993821429033218)	(23.0, 0.1118606768102736)	(24.0, 0.1522401863972302)	(25.0, 0.2230366084847321)	(26.0, 0.3199440522317187)	(27.0, 0.4630842425577852)	(28.0, 0.5756705713561435)	(29.0, 0.6387391554823034)	(30.0, 0.7527901274477883)	(31.0, 0.8903287468511283)	(32.0, 1.0622460184693725)	(33.0, 1.2462103580809771)	(34.0, 1.4196056120573053)	(35.0, 1.633404386164314)	(36.0, 1.8518469772833044)	(37.0, 2.033371134229095)	(38.0, 2.1769221716366505)	(39.0, 2.3216995253328934)	(40.0, 2.4747036027322857)	(41.0, 2.647403440220033)	(42.0, 2.843875494552728)	(43.0, 3.025124864164795)	(44.0, 3.216195435439125)	(45.0, 3.427578037424043)	(46.0, 3.607555737498168)	(47.0, 3.7658554737076635)	(48.0, 3.9221320992886137)	(49.0, 3.9914789959587407)	(50.0, 3.9830966483610877)	(51.0, 3.9296171639745303)	(52.0, 3.9072517871358943)	(53.0, 3.8548999090249394)	(54.0, 3.6794441946853857)	(55.0, 3.5326686301837182)	(56.0, 3.3304722843714893)	(57.0, 3.039294642079182)	(58.0, 2.7772835854550104)	(59.0, 2.514810992823711)	(60.0, 2.2790318998570376)	(61.0, 2.106983014888013)	(62.0, 1.9040743562786566)	(63.0, 1.7224808355398875)	(64.0, 1.3190307800764207)	(65.0, 0.8331934348628364)	(66.0, 0.652206402672932)	(67.0, 0.5752952954505408)	(68.0, 0.536107420255782)	(69.0, 0.5556448886114417)	(70.0, 0.4854745192195421)	(71.0, 0.31345675902941844)	(72.0, 0.22589208462902083)	(73.0, 0.17543526091341907)	(74.0, 0.13789077404461647)	(75.0, 0.11760720027473752)	(76.0, 0.0915433104233025)	(77.0, 0.07461143070132896)	(78.0, 0.0582718110578656)	(79.0, 0.03874679261376627)	(80.0, 0.0251995102773931)	(81.0, 0.024794888151684173)	(82.0, 0.026502304594236126)	(83.0, 0.017956329587504725)	(84.0, 0.008376122641873367)	(85.0, 0.004784323156734124)	(86.0, 0.00276121252818949)	(87.0, 0.0016825166194314057)	(88.0, 0.001053796085637535)	(89.0, 0.0008768294856022019)	(90.0, 0.0007710052373398672)	(91.0, 0.0006393918865598207)	(92.0, 0.0005495746674464106)	(93.0, 0.0005211177267372113)	(94.0, 0.0005095570945740991)	(95.0, 0.0004917715066308496)	(96.0, 0.00046865024230462524)	(97.0, 0.0004615360071273254)	(98.0, 0.0004650931247159753)	(99.0, 0.0004455289779784008)	(100.0, 0.0007763409137228421)
SRR12231698_1	(0.0, 0.0015734630509167717)	(1.0, 0.0020207654903322365)	(2.0, 0.0025127051794190994)	(3.0, 0.0031711046120722164)	(4.0, 0.003824854331217897)	(5.0, 0.0036230567649951193)	(6.0, 0.0032166718044451025)	(7.0, 0.003004644868505963)	(8.0, 0.002879102603805156)	(9.0, 0.002889331973521518)	(10.0, 0.0030334730922520737)	(11.0, 0.0031190278207889194)	(12.0, 0.0032492197989971625)	(13.0, 0.003435208339294653)	(14.0, 0.0037811470242479863)	(15.0, 0.004539050325960261)	(16.0, 0.005686599619595779)	(17.0, 0.007254483014303625)	(18.0, 0.010025712264736237)	(19.0, 0.014395513019025783)	(20.0, 0.02180250663637335)	(21.0, 0.03332170687969843)	(22.0, 0.050507977945888065)	(23.0, 0.07423360608893748)	(24.0, 0.10682437800526676)	(25.0, 0.15319132110143122)	(26.0, 0.22421011527132656)	(27.0, 0.34347991645059994)	(28.0, 0.4410225363523204)	(29.0, 0.5189824228461181)	(30.0, 0.6974216882929336)	(31.0, 0.8806259801421709)	(32.0, 0.9947011213909354)	(33.0, 1.1543880922622565)	(34.0, 1.373409127259283)	(35.0, 1.605922700912191)	(36.0, 1.8219483904677265)	(37.0, 2.0414985628618996)	(38.0, 2.2271197757923025)	(39.0, 2.3991294174010336)	(40.0, 2.5761226219470363)	(41.0, 2.718938572327972)	(42.0, 2.8706057173416655)	(43.0, 3.087128926242497)	(44.0, 3.3667952445743263)	(45.0, 3.601015263084464)	(46.0, 3.754302368284148)	(47.0, 3.8941992285251144)	(48.0, 4.150182696078162)	(49.0, 4.346476861393538)	(50.0, 4.332744397520672)	(51.0, 4.242102882406691)	(52.0, 4.193184176537644)	(53.0, 4.078169793160377)	(54.0, 3.8214312121337213)	(55.0, 3.592905232784791)	(56.0, 3.353426388297742)	(57.0, 3.0493834819318226)	(58.0, 2.7623575970604213)	(59.0, 2.4683934096932223)	(60.0, 2.270342582614738)	(61.0, 2.180887674387854)	(62.0, 1.9100846399439013)	(63.0, 1.565020101129967)	(64.0, 1.1456577901806921)	(65.0, 0.7275964690707986)	(66.0, 0.5423760614447365)	(67.0, 0.45604111098134276)	(68.0, 0.3637982345353993)	(69.0, 0.2860410755505258)	(70.0, 0.2368424569283321)	(71.0, 0.18347025546186269)	(72.0, 0.14635345241739395)	(73.0, 0.11071711815369326)	(74.0, 0.08023266645623303)	(75.0, 0.060717818865518816)	(76.0, 0.05132167780968959)	(77.0, 0.04147916425714638)	(78.0, 0.02540231483383128)	(79.0, 0.016005243835300564)	(80.0, 0.019757562635802438)	(81.0, 0.024341250211434098)	(82.0, 0.022154024977535606)	(83.0, 0.01361436114977632)	(84.0, 0.005063538009599185)	(85.0, 0.0022383720824803006)	(86.0, 0.0008574071707714322)	(87.0, 0.000319900289311684)	(88.0, 9.950386905915754e-05)	(89.0, 6.044627559668448e-05)	(90.0, 4.9286963178835045e-05)	(91.0, 3.5337822656523236e-05)	(92.0, 2.882822374611106e-05)	(93.0, 2.2318624835698887e-05)	(94.0, 1.859885402974907e-05)	(95.0, 1.859885402974907e-05)	(96.0, 1.2089255119336898e-05)	(97.0, 1.3019197820824351e-05)	(98.0, 1.580902592528671e-05)	(99.0, 1.3019197820824351e-05)	(100.0, 3.626776535801069e-05)
SRR12231698_2	(0.0, 0.0014655961850456906)	(1.0, 0.0013009955982734272)	(2.0, 0.0012070709696632657)	(3.0, 0.0015213929941210343)	(4.0, 0.0018905818808362242)	(5.0, 0.002024494222617049)	(6.0, 0.0021053995957762968)	(7.0, 0.0024048424711473073)	(8.0, 0.0028223885923944615)	(9.0, 0.003318980193165019)	(10.0, 0.003913216209817428)	(11.0, 0.004560459195091414)	(12.0, 0.005295117181250104)	(13.0, 0.0061887960732735225)	(14.0, 0.00755581789561944)	(15.0, 0.009306907753767305)	(16.0, 0.011471823945890636)	(17.0, 0.014821492384047091)	(18.0, 0.019637686954067163)	(19.0, 0.026319354840839557)	(20.0, 0.03707139994965826)	(21.0, 0.052564313936245326)	(22.0, 0.07511273443040957)	(23.0, 0.10693923432698554)	(24.0, 0.1484548501194949)	(25.0, 0.21771914901199055)	(26.0, 0.31376591626065115)	(27.0, 0.4580890126681168)	(28.0, 0.5709473584911784)	(29.0, 0.6384977653982431)	(30.0, 0.7534801097534394)	(31.0, 0.8885074577689528)	(32.0, 1.0619564885137478)	(33.0, 1.2475989819351414)	(34.0, 1.427428377797702)	(35.0, 1.6521918739554546)	(36.0, 1.872417229641746)	(37.0, 2.0463879605513955)	(38.0, 2.1852903969571917)	(39.0, 2.328886274953042)	(40.0, 2.48186066660764)	(41.0, 2.6651057571324293)	(42.0, 2.8740592274386834)	(43.0, 3.0639348387752596)	(44.0, 3.2635200248377636)	(45.0, 3.486511972307374)	(46.0, 3.6560989339173373)	(47.0, 3.7784055394104907)	(48.0, 3.941379649198208)	(49.0, 4.040765855470028)	(50.0, 4.039062192899594)	(51.0, 3.9903990058645333)	(52.0, 3.9554051071061136)	(53.0, 3.893012185251246)	(54.0, 3.7224980666638143)	(55.0, 3.5566885490282516)	(56.0, 3.3304761957281754)	(57.0, 3.0477453946220487)	(58.0, 2.7912939606435905)	(59.0, 2.522223148345925)	(60.0, 2.2885042643315803)	(61.0, 2.1032728074037084)	(62.0, 1.8983171784677024)	(63.0, 1.7344512496815976)	(64.0, 1.3429083013571894)	(65.0, 0.8317397842156984)	(66.0, 0.6133166654625405)	(67.0, 0.5247457406831582)	(68.0, 0.4744783953871811)	(69.0, 0.46537979572062843)	(70.0, 0.39217810200104936)	(71.0, 0.2518370378679273)	(72.0, 0.17713533993103941)	(73.0, 0.13135591797835589)	(74.0, 0.10090108963821544)	(75.0, 0.08482695889042689)	(76.0, 0.06373669500676495)	(77.0, 0.05155625158561744)	(78.0, 0.038131539322089784)	(79.0, 0.024717056473559273)	(80.0, 0.019161554183290897)	(81.0, 0.020026404723958727)	(82.0, 0.021204647342266396)	(83.0, 0.014297002378738865)	(84.0, 0.006006526496960734)	(85.0, 0.0030502255627854477)	(86.0, 0.0016971529427083666)	(87.0, 0.0012126506505708)	(88.0, 0.0009066981474743328)	(89.0, 0.0007755756461472755)	(90.0, 0.0007346579861586901)	(91.0, 0.0005979558039240985)	(92.0, 0.0005003113880422472)	(93.0, 0.00048450229213756657)	(94.0, 0.0004556739407819724)	(95.0, 0.00042126590851884386)	(96.0, 0.00038685787625571534)	(97.0, 0.00036825893989726743)	(98.0, 0.0003775584080764914)	(99.0, 0.00036639904626142264)	(100.0, 0.0005923761230165641)
SRR12231699_1	(0.0, 0.0014317127740872935)	(1.0, 0.0017811929729794095)	(2.0, 0.0021315624344641257)	(3.0, 0.0025904219322461404)	(4.0, 0.0031559929411402515)	(5.0, 0.003044835117065151)	(6.0, 0.002836747670396563)	(7.0, 0.0027647174003958977)	(8.0, 0.0026535595763207973)	(9.0, 0.0026428884252095875)	(10.0, 0.0027175864829880555)	(11.0, 0.002871428911507994)	(12.0, 0.003028828390398337)	(13.0, 0.00325381182632634)	(14.0, 0.003742016989664181)	(15.0, 0.004334265876336316)	(16.0, 0.005280441274863571)	(17.0, 0.006938916010064069)	(18.0, 0.009561351395643838)	(19.0, 0.013330935525678643)	(20.0, 0.020144465510186)	(21.0, 0.03067689165694992)	(22.0, 0.04619897021079694)	(23.0, 0.06907169335508222)	(24.0, 0.1013777140816768)	(25.0, 0.14614497151838646)	(26.0, 0.21169073869380647)	(27.0, 0.31657926149107124)	(28.0, 0.41131418400602)	(29.0, 0.491397616045278)	(30.0, 0.6556106249201276)	(31.0, 0.8244362388627975)	(32.0, 0.9405694871434994)	(33.0, 1.1015002277890593)	(34.0, 1.3033174839172192)	(35.0, 1.51842210170402)	(36.0, 1.7296939977167116)	(37.0, 1.9490982001387374)	(38.0, 2.1521079574035746)	(39.0, 2.3402456870697566)	(40.0, 2.520945624411425)	(41.0, 2.659393138928259)	(42.0, 2.8072712832396243)	(43.0, 3.0333200557535633)	(44.0, 3.302490060645308)	(45.0, 3.5110772728909376)	(46.0, 3.723861804573643)	(47.0, 3.9347148579052194)	(48.0, 4.18614852038754)	(49.0, 4.361196304690639)	(50.0, 4.3284154177395955)	(51.0, 4.278332148524318)	(52.0, 4.247957606148852)	(53.0, 4.107015710059773)	(54.0, 3.7860177027460686)	(55.0, 3.5180490916169282)	(56.0, 3.3148321361680146)	(57.0, 3.032805172712447)	(58.0, 2.826499808279431)	(59.0, 2.570810135028922)	(60.0, 2.3266541976044457)	(61.0, 2.2175212244526974)	(62.0, 1.9428867009294206)	(63.0, 1.592328715775073)	(64.0, 1.1723895738834176)	(65.0, 0.7978339484051444)	(66.0, 0.6473849459385701)	(67.0, 0.5795644450512772)	(68.0, 0.4665729615102339)	(69.0, 0.373460053964189)	(70.0, 0.3370420830094083)	(71.0, 0.25758469183534133)	(72.0, 0.1888197940747064)	(73.0, 0.13452942353383474)	(74.0, 0.1041433207446653)	(75.0, 0.08571068572523584)	(76.0, 0.07656728774811437)	(77.0, 0.06193802883723856)	(78.0, 0.036575370433671046)	(79.0, 0.022815810338358812)	(80.0, 0.021700675047237404)	(81.0, 0.022749115643913756)	(82.0, 0.020800741303525393)	(83.0, 0.012980566064193927)	(84.0, 0.004476547891152444)	(85.0, 0.0020755388911302755)	(86.0, 0.0009355042474160452)	(87.0, 0.0003948325911147567)	(88.0, 0.00016807063000155186)	(89.0, 0.00013516791407532214)	(90.0, 9.959741037128998e-05)	(91.0, 7.203027000066508e-05)	(92.0, 4.535239222264098e-05)	(93.0, 3.468124111143133e-05)	(94.0, 2.7567140370624906e-05)	(95.0, 2.1342302222419284e-05)	(96.0, 1.778525185201607e-05)	(97.0, 1.3338938889012052e-05)	(98.0, 1.2449676296411248e-05)	(99.0, 1.778525185201607e-05)	(100.0, 5.24664929634474e-05)
SRR12231699_2	(0.0, 0.001511754984356226)	(1.0, 0.001399707261986294)	(2.0, 0.0012876595396163618)	(3.0, 0.0015891212688497504)	(4.0, 0.0019928487764366482)	(5.0, 0.0021066750340822935)	(6.0, 0.0022836392940157576)	(7.0, 0.002630453672779833)	(8.0, 0.003061748477140286)	(9.0, 0.0035535134808749873)	(10.0, 0.004023936061301131)	(11.0, 0.004774477947652104)	(12.0, 0.005621950006529448)	(13.0, 0.006559238096830308)	(14.0, 0.007805102057467409)	(15.0, 0.009464475469707832)	(16.0, 0.011615613885682954)	(17.0, 0.014490616158873353)	(18.0, 0.018857809528387136)	(19.0, 0.025418826160493152)	(20.0, 0.03521410919148365)	(21.0, 0.0492067354731573)	(22.0, 0.0698172915157598)	(23.0, 0.09908042167470704)	(24.0, 0.1382962352365454)	(25.0, 0.2002435081572743)	(26.0, 0.2850992046968271)	(27.0, 0.41071448341753736)	(28.0, 0.5154132980282224)	(29.0, 0.5850936423277523)	(30.0, 0.69373280184178)	(31.0, 0.8230794475709365)	(32.0, 0.9872089076872164)	(33.0, 1.1606187648721675)	(34.0, 1.3253929440258934)	(35.0, 1.5335945082743463)	(36.0, 1.7469885062602442)	(37.0, 1.931711626334007)	(38.0, 2.0970202553380846)	(39.0, 2.2619989660485174)	(40.0, 2.427988774063193)	(41.0, 2.621326229744873)	(42.0, 2.827647882206897)	(43.0, 3.0123212032929403)	(44.0, 3.20748432543514)	(45.0, 3.4223171584590895)	(46.0, 3.641546530684602)	(47.0, 3.860194321874957)	(48.0, 4.003297048694117)	(49.0, 4.0537585408042895)	(50.0, 4.066459061208158)	(51.0, 4.012907364056433)	(52.0, 3.995639565064534)	(53.0, 3.9555496014146825)	(54.0, 3.7584478758219553)	(55.0, 3.5687137326088707)	(56.0, 3.369714309876958)	(57.0, 3.075117726807822)	(58.0, 2.7862889336378247)	(59.0, 2.537642587952015)	(60.0, 2.3236047601963095)	(61.0, 2.1966484658777112)	(62.0, 2.0005596161245034)	(63.0, 1.7615138038569937)	(64.0, 1.354039811711806)	(65.0, 0.8829351630074266)	(66.0, 0.6997415832707771)	(67.0, 0.6217839357980779)	(68.0, 0.5700125524573422)	(69.0, 0.5662296079259002)	(70.0, 0.48538717623599414)	(71.0, 0.30915745137139966)	(72.0, 0.20936917265695876)	(73.0, 0.156152729404706)	(74.0, 0.12231164944607298)	(75.0, 0.11013579694854035)	(76.0, 0.08704596273159364)	(77.0, 0.06507215940015697)	(78.0, 0.050453488701432264)	(79.0, 0.03556803771135057)	(80.0, 0.02510313614905406)	(81.0, 0.023297922844205156)	(82.0, 0.023224113630263058)	(83.0, 0.01528028582129002)	(84.0, 0.006076365769474172)	(85.0, 0.003211145440300195)	(86.0, 0.002119124781012286)	(87.0, 0.0015206476607347922)	(88.0, 0.0011231450266128904)	(89.0, 0.0009675231899879846)	(90.0, 0.0008394686501366338)	(91.0, 0.0006847360811495847)	(92.0, 0.0005904737115367848)	(93.0, 0.0005211108357839697)	(94.0, 0.0005051040183025508)	(95.0, 0.0005077718212161207)	(96.0, 0.0004899864684589885)	(97.0, 0.00046597624223686024)	(98.0, 0.0004517479600311546)	(99.0, 0.00046597624223686024)	(100.0, 0.0008937139760458867)
SRR12231700_1	(0.0, 0.001124116886960774)	(1.0, 0.0016350791083065803)	(2.0, 0.002273781884988838)	(3.0, 0.0029408714517458632)	(4.0, 0.0036741968620106775)	(5.0, 0.0036798742200256315)	(6.0, 0.0032294704841726615)	(7.0, 0.003026031821970164)	(8.0, 0.003010892200596955)	(9.0, 0.00299291390021627)	(10.0, 0.0031216006818885465)	(11.0, 0.003145256340284186)	(12.0, 0.0032701582166131606)	(13.0, 0.0036268855452194)	(14.0, 0.004195567573050565)	(15.0, 0.005198567489025667)	(16.0, 0.006481650400405136)	(17.0, 0.008234061574354088)	(18.0, 0.011338630182197773)	(19.0, 0.015804818487294453)	(20.0, 0.023856258378834205)	(21.0, 0.035855354543438224)	(22.0, 0.05285904179822367)	(23.0, 0.07768991330295821)	(24.0, 0.11180988874649235)	(25.0, 0.15992928282856575)	(26.0, 0.2316731098371961)	(27.0, 0.3498728650295185)	(28.0, 0.4543930260848107)	(29.0, 0.5374338493168624)	(30.0, 0.7188273303472954)	(31.0, 0.9175358070970004)	(32.0, 1.0493394583194868)	(33.0, 1.200889906944317)	(34.0, 1.4038024673040952)	(35.0, 1.630589264343088)	(36.0, 1.8409912061509253)	(37.0, 2.054484469397905)	(38.0, 2.2385699643537613)	(39.0, 2.4211301424562675)	(40.0, 2.604581665767121)	(41.0, 2.7499892130197714)	(42.0, 2.907592671514878)	(43.0, 3.128004741729414)	(44.0, 3.4032052092409217)	(45.0, 3.616690902677215)	(46.0, 3.7637742167706127)	(47.0, 3.9234697816942297)	(48.0, 4.183311103322617)	(49.0, 4.381185008444124)	(50.0, 4.362055150612738)	(51.0, 4.265766212452792)	(52.0, 4.230396272019633)	(53.0, 4.103964347705628)	(54.0, 3.7789374938022173)	(55.0, 3.5054165780367996)	(56.0, 3.279569383749282)	(57.0, 3.0007051278654573)	(58.0, 2.7751815429847912)	(59.0, 2.481330008167826)	(60.0, 2.1953586462756154)	(61.0, 2.098036428956948)	(62.0, 1.9005996804025926)	(63.0, 1.603998411853718)	(64.0, 1.1473987859537622)	(65.0, 0.6983878952671272)	(66.0, 0.5371584974531372)	(67.0, 0.4647977308735486)	(68.0, 0.35930295669235607)	(69.0, 0.26362528074535385)	(70.0, 0.20582599124778486)	(71.0, 0.137540621496597)	(72.0, 0.09484594299781156)	(73.0, 0.06382675125677782)	(74.0, 0.04570367824671073)	(75.0, 0.03439532730725937)	(76.0, 0.02918824378121128)	(77.0, 0.02349858482389214)	(78.0, 0.01281190458707818)	(79.0, 0.006619799445435668)	(80.0, 0.006844055087026328)	(81.0, 0.007905721035822615)	(82.0, 0.006898936214504212)	(83.0, 0.0038804742032206518)	(84.0, 0.0013360715861857012)	(85.0, 0.0006311329659956534)	(86.0, 0.0003207707278448673)	(87.0, 0.00017126696678442768)	(88.0, 8.610659656012662e-05)	(89.0, 6.245093816448743e-05)	(90.0, 4.825754312710394e-05)	(91.0, 3.5956600761371564e-05)	(92.0, 3.784905343302269e-05)	(93.0, 2.6494337403115884e-05)	(94.0, 1.2300942365732377e-05)	(95.0, 1.6085847709034644e-05)	(96.0, 1.5139621373209078e-05)	(97.0, 1.419339503738351e-05)	(98.0, 1.6085847709034644e-05)	(99.0, 1.5139621373209078e-05)	(100.0, 4.06877324404994e-05)
SRR12231700_2	(0.0, 0.0011184474450629401)	(1.0, 0.0010200392096259303)	(2.0, 0.0009452868000151246)	(3.0, 0.0011941460877067942)	(4.0, 0.0015016718234474502)	(5.0, 0.0017221441201476745)	(6.0, 0.0019151756588895016)	(7.0, 0.002201884267903098)	(8.0, 0.002568076451692741)	(9.0, 0.0029437309658128653)	(10.0, 0.0035578362042611293)	(11.0, 0.0042211455604278985)	(12.0, 0.00500273404572569)	(13.0, 0.006065353741838787)	(14.0, 0.007359800531048688)	(15.0, 0.009241858033781502)	(16.0, 0.011913073886076495)	(17.0, 0.015541877567816238)	(18.0, 0.02047553660212941)	(19.0, 0.02768677854698954)	(20.0, 0.03889585505647819)	(21.0, 0.054676183348622565)	(22.0, 0.07763179673037124)	(23.0, 0.11027967506963235)	(24.0, 0.1541110816264898)	(25.0, 0.22747063621264854)	(26.0, 0.32679955639081437)	(27.0, 0.4744790920916757)	(28.0, 0.5919671704070691)	(29.0, 0.6594023599733132)	(30.0, 0.7789655273301811)	(31.0, 0.9234061073589187)	(32.0, 1.1012818316104134)	(33.0, 1.2857944343557077)	(34.0, 1.4596515069158469)	(35.0, 1.6682703424110767)	(36.0, 1.8740211455831375)	(37.0, 2.0477552078489802)	(38.0, 2.19396902858165)	(39.0, 2.3464488044591647)	(40.0, 2.512161649303858)	(41.0, 2.7002084324275875)	(42.0, 2.9039778236284457)	(43.0, 3.0918987577587798)	(44.0, 3.2710982620235085)	(45.0, 3.4664925446488573)	(46.0, 3.662640028768512)	(47.0, 3.8493119352952228)	(48.0, 3.9937184509347703)	(49.0, 4.0424721617295445)	(50.0, 4.041995260280888)	(51.0, 3.97855412034714)	(52.0, 3.937764852991533)	(53.0, 3.882643940117378)	(54.0, 3.699448493754086)	(55.0, 3.5383788144025603)	(56.0, 3.3400398545783654)	(57.0, 3.0471816770829894)	(58.0, 2.774038264831171)	(59.0, 2.50265389978779)	(60.0, 2.2690469423558244)	(61.0, 2.115952115006828)	(62.0, 1.9148804341831904)	(63.0, 1.7315156121069837)	(64.0, 1.3292700572921392)	(65.0, 0.8271647455675889)	(66.0, 0.6288115922478988)	(67.0, 0.5308424089382232)	(68.0, 0.45347934238923765)	(69.0, 0.4211333123875189)	(70.0, 0.3432091296499358)	(71.0, 0.20576215796845737)	(72.0, 0.12851169315040453)	(73.0, 0.08820878957378371)	(74.0, 0.06182592014633456)	(75.0, 0.051949139747377734)	(76.0, 0.03909361776038526)	(77.0, 0.027564714485726317)	(78.0, 0.018903843534236395)	(79.0, 0.011819396815804725)	(80.0, 0.008241689717849585)	(81.0, 0.00755567076888966)	(82.0, 0.00700117821152343)	(83.0, 0.004559896986259145)	(84.0, 0.0022368948901258802)	(85.0, 0.001456252637861138)	(86.0, 0.0011648128636823007)	(87.0, 0.0009888135195353406)	(88.0, 0.0007910508156282723)	(89.0, 0.0007144059399513704)	(90.0, 0.0006614168901006728)	(91.0, 0.0006008579759855897)	(92.0, 0.0005677398198289037)	(93.0, 0.0005497613922009884)	(94.0, 0.0005090733717799169)	(95.0, 0.0004646004192266528)	(96.0, 0.0005015035075155316)	(97.0, 0.0004513531567639784)	(98.0, 0.0004258048648716777)	(99.0, 0.0004797401477554236)	(100.0, 0.0009793511892048589)
SRR12231701_1	(0.0, 0.0005151110729639774)	(1.0, 0.0008305943252637143)	(2.0, 0.0012343059447320218)	(3.0, 0.0016415823467121908)	(4.0, 0.002074703421903355)	(5.0, 0.0021540198327922723)	(6.0, 0.00204885874869236)	(7.0, 0.0019739983159432696)	(8.0, 0.0019463712514763433)	(9.0, 0.0018982466875662142)	(10.0, 0.0018661636449594612)	(11.0, 0.0019044850569619716)	(12.0, 0.002051532335576256)	(13.0, 0.0022547249387523576)	(14.0, 0.0025497106916088914)	(15.0, 0.0030657129602008337)	(16.0, 0.003695788269172343)	(17.0, 0.004812456391012938)	(18.0, 0.006858641552821401)	(19.0, 0.009760374517476609)	(20.0, 0.015214491760624605)	(21.0, 0.023589948272243047)	(22.0, 0.03622353749427997)	(23.0, 0.055246999368828514)	(24.0, 0.08267265362383447)	(25.0, 0.12170702212871717)	(26.0, 0.18221207570254133)	(27.0, 0.28583495614858545)	(28.0, 0.37895687851031373)	(29.0, 0.4521481018482248)	(30.0, 0.6205190182528361)	(31.0, 0.7990272849255533)	(32.0, 0.9102627584256777)	(33.0, 1.0535830569238107)	(34.0, 1.2454646051897762)	(35.0, 1.4643618577218833)	(36.0, 1.678988500804781)	(37.0, 1.9066310560341124)	(38.0, 2.1048828706487743)	(39.0, 2.2702246131139314)	(40.0, 2.4502211764853508)	(41.0, 2.6114981756913576)	(42.0, 2.771902694377587)	(43.0, 3.03587305698967)	(44.0, 3.3513438325506155)	(45.0, 3.55463179365891)	(46.0, 3.7445179549138605)	(47.0, 3.936865598493252)	(48.0, 4.210629309861046)	(49.0, 4.4582319735699185)	(50.0, 4.450237948787069)	(51.0, 4.356531402093395)	(52.0, 4.2877177316800505)	(53.0, 4.180416886877393)	(54.0, 3.8767170231706136)	(55.0, 3.594198205953688)	(56.0, 3.3828627483248663)	(57.0, 3.081722398461604)	(58.0, 2.9024931545258625)	(59.0, 2.6221310307286125)	(60.0, 2.2706559517978664)	(61.0, 2.1436062118794967)	(62.0, 1.9385037764726654)	(63.0, 1.6246166555426143)	(64.0, 1.1633480576377921)	(65.0, 0.7537046400697471)	(66.0, 0.6348966773188012)	(67.0, 0.5864450446132086)	(68.0, 0.46757737175518904)	(69.0, 0.3863894500475448)	(70.0, 0.355873129354755)	(71.0, 0.26776150881344796)	(72.0, 0.1976199569144344)	(73.0, 0.13581643131066473)	(74.0, 0.10634370069822235)	(75.0, 0.08839056477286021)	(76.0, 0.07619009662601445)	(77.0, 0.06131515039964465)	(78.0, 0.03496516926759288)	(79.0, 0.020730101502102208)	(80.0, 0.019843361852276677)	(81.0, 0.02122917105376281)	(82.0, 0.019565308816351486)	(83.0, 0.012114913366561087)	(84.0, 0.00437220575079805)	(85.0, 0.0021656053759558217)	(86.0, 0.0010667611666745345)	(87.0, 0.0005222406379877002)	(88.0, 0.00019249825564051748)	(89.0, 0.0001443736917303881)	(90.0, 0.00010516108409991234)	(91.0, 5.792771581774832e-05)	(92.0, 4.990695516606009e-05)	(93.0, 4.0994998886406506e-05)	(94.0, 1.3367934419480381e-05)	(95.0, 1.6932716931341818e-05)	(96.0, 3.0300651350822194e-05)	(97.0, 2.6735868838960762e-05)	(98.0, 1.2476738791515022e-05)	(99.0, 9.803151907618946e-06)	(100.0, 3.653902074657971e-05)
SRR12231701_2	(0.0, 0.000655921987205493)	(1.0, 0.000606014879483336)	(2.0, 0.0006104708712442429)	(3.0, 0.000788710541680518)	(4.0, 0.001030225295121671)	(5.0, 0.00124322170129302)	(6.0, 0.0014054198013900307)	(7.0, 0.0016308929844919189)	(8.0, 0.0019472683995163072)	(9.0, 0.002275229393119054)	(10.0, 0.002649532701035232)	(11.0, 0.003114738240873911)	(12.0, 0.0035879645658822216)	(13.0, 0.004235865767918082)	(14.0, 0.005178753624525978)	(15.0, 0.006253538837256717)	(16.0, 0.007723124920003808)	(17.0, 0.010148075636289333)	(18.0, 0.013573842102074544)	(19.0, 0.018276695806535667)	(20.0, 0.025957043205634772)	(21.0, 0.03785899719901705)	(22.0, 0.0549254456432904)	(23.0, 0.07993781859561291)	(24.0, 0.1147756533807351)	(25.0, 0.1726928518922984)	(26.0, 0.25341403383947875)	(27.0, 0.37851332893188294)	(28.0, 0.48188075220634424)	(29.0, 0.5421213048220443)	(30.0, 0.6485428648494312)	(31.0, 0.7849888973618087)	(32.0, 0.9608713481565643)	(33.0, 1.148734178399694)	(34.0, 1.3249891501056614)	(35.0, 1.5291457598217233)	(36.0, 1.7414826792124578)	(37.0, 1.944553809335563)	(38.0, 2.102475939738807)	(39.0, 2.2359569553334775)	(40.0, 2.386979428094133)	(41.0, 2.5719351693124475)	(42.0, 2.7763618121292204)	(43.0, 2.98356542901139)	(44.0, 3.1884118262520404)	(45.0, 3.407816839773926)	(46.0, 3.6676884968733106)	(47.0, 3.9289637913773814)	(48.0, 4.073391396331895)	(49.0, 4.144718456448731)	(50.0, 4.188694639137122)	(51.0, 4.1076392578078735)	(52.0, 4.088739614353163)	(53.0, 4.055060337425877)	(54.0, 3.822740968582531)	(55.0, 3.64341225375989)	(56.0, 3.4683603998293675)	(57.0, 3.13817230154452)	(58.0, 2.816185010496445)	(59.0, 2.5447536195709155)	(60.0, 2.3048849094862414)	(61.0, 2.181880821719816)	(62.0, 1.963928461511986)	(63.0, 1.6954166363882024)	(64.0, 1.2843852619819256)	(65.0, 0.8325619565996027)	(66.0, 0.6742610668966814)	(67.0, 0.6157004231748432)	(68.0, 0.5652808764001818)	(69.0, 0.5339463423374846)	(70.0, 0.46106414109609156)	(71.0, 0.30394230681310624)	(72.0, 0.2075583138263382)	(73.0, 0.15560234109251614)	(74.0, 0.12199168643834771)	(75.0, 0.11078397596131472)	(76.0, 0.08660576466663397)	(77.0, 0.06501737578339233)	(78.0, 0.049790360738021316)	(79.0, 0.03318466184182573)	(80.0, 0.022599899012967523)	(81.0, 0.021234583137425656)	(82.0, 0.02114546330220752)	(83.0, 0.013708413053253933)	(84.0, 0.005545036147272524)	(85.0, 0.0030496807611646703)	(86.0, 0.002064906582004249)	(87.0, 0.001427699760194565)	(88.0, 0.0010222045099520388)	(89.0, 0.0008448560378679448)	(90.0, 0.0007040466982232874)	(91.0, 0.0006113620695964243)	(92.0, 0.000551651780000272)	(93.0, 0.0004696615315995854)	(94.0, 0.00042777520904706067)	(95.0, 0.00041618963046870277)	(96.0, 0.0003805416963814477)	(97.0, 0.00037608570462054086)	(98.0, 0.00037162971285963395)	(99.0, 0.00034311136558982995)	(100.0, 0.0005721493421004437)
SRR12231702_1	(0.0, 0.0010194891950900309)	(1.0, 0.0015859933623830994)	(2.0, 0.0021492229391137803)	(3.0, 0.0026862557913453597)	(4.0, 0.0035365578073786935)	(5.0, 0.003840003199493285)	(6.0, 0.003592225846939285)	(7.0, 0.003270224441637829)	(8.0, 0.0031632544832664983)	(9.0, 0.003209098751139926)	(10.0, 0.0032986042265118554)	(11.0, 0.003307336468011556)	(12.0, 0.003357546856634834)	(13.0, 0.0037210264090598664)	(14.0, 0.004402141246036504)	(15.0, 0.0049784691850167356)	(16.0, 0.005838594972737233)	(17.0, 0.007511910750117336)	(18.0, 0.010054084556717639)	(19.0, 0.013764195663902879)	(20.0, 0.02076199569572535)	(21.0, 0.031502652740356935)	(22.0, 0.047067873213573044)	(23.0, 0.07054450448551779)	(24.0, 0.10320963687552236)	(25.0, 0.14871007273989917)	(26.0, 0.2142182569404647)	(27.0, 0.320387032154198)	(28.0, 0.4182547202922786)	(29.0, 0.4963351491920379)	(30.0, 0.6648652270758822)	(31.0, 0.8453846725388153)	(32.0, 0.9657662623234985)	(33.0, 1.1154216002057402)	(34.0, 1.3091802153124068)	(35.0, 1.5247596103966372)	(36.0, 1.7276827129572392)	(37.0, 1.9313840765415022)	(38.0, 2.1167455499160193)	(39.0, 2.2847822561551308)	(40.0, 2.4600809127314305)	(41.0, 2.5949012638358684)	(42.0, 2.7364705460893877)	(43.0, 2.989691359688264)	(44.0, 3.2919568076702084)	(45.0, 3.4698107364153583)	(46.0, 3.6706228195934076)	(47.0, 3.914272004978425)	(48.0, 4.236371647996752)	(49.0, 4.496559698782203)	(50.0, 4.459405102731165)	(51.0, 4.3494170633915)	(52.0, 4.238414992507682)	(53.0, 4.093898578748014)	(54.0, 3.728706415458853)	(55.0, 3.4278708720224844)	(56.0, 3.25132241338154)	(57.0, 2.965628576705652)	(58.0, 2.893553746897312)	(59.0, 2.6725745519757043)	(60.0, 2.25733354653101)	(61.0, 2.090039080819373)	(62.0, 1.8944204982732704)	(63.0, 1.591894174576522)	(64.0, 1.144818691214482)	(65.0, 0.7812845622800765)	(66.0, 0.6939403166793224)	(67.0, 0.6607490667389608)	(68.0, 0.5193325987116866)	(69.0, 0.4400001846869077)	(70.0, 0.43131051286451827)	(71.0, 0.3116722551374969)	(72.0, 0.2141614973707166)	(73.0, 0.13799124629901682)	(74.0, 0.10708020292026457)	(75.0, 0.08843468425802914)	(76.0, 0.07579367315702523)	(77.0, 0.06102854431121918)	(78.0, 0.03289544525955917)	(79.0, 0.01858330144155008)	(80.0, 0.0157256754107731)	(81.0, 0.015530291507217303)	(82.0, 0.014306686167071774)	(83.0, 0.008688580292201976)	(84.0, 0.0028663582722766824)	(85.0, 0.001450643619137742)	(86.0, 0.0007902678557228934)	(87.0, 0.0003896762769241339)	(88.0, 0.00017464482999400956)	(89.0, 0.00013644127343281996)	(90.0, 9.932924705909295e-05)	(91.0, 5.457650937312799e-05)	(92.0, 5.2393448998202873e-05)	(93.0, 3.9295086748652155e-05)	(94.0, 3.274590562387679e-05)	(95.0, 2.7288254686563994e-05)	(96.0, 1.6372952811938396e-05)	(97.0, 1.528142262447584e-05)	(98.0, 1.0915301874625598e-05)	(99.0, 1.4189892437013279e-05)	(100.0, 3.383743581133935e-05)
SRR12231702_2	(0.0, 0.0009736504429869379)	(1.0, 0.001005304997747724)	(2.0, 0.0010336849433953252)	(3.0, 0.001262907581318259)	(4.0, 0.0015379747468257793)	(5.0, 0.0017759296757172058)	(6.0, 0.002022616895577125)	(7.0, 0.0023053248156820767)	(8.0, 0.002727749391282912)	(9.0, 0.0031741877670471022)	(10.0, 0.00374287821637019)	(11.0, 0.004496038312402687)	(12.0, 0.005288493717793401)	(13.0, 0.006172638178353289)	(14.0, 0.007315476758854772)	(15.0, 0.008896021424151954)	(16.0, 0.01121444467628677)	(17.0, 0.014540355998911432)	(18.0, 0.019041851993169427)	(19.0, 0.025317094590402506)	(20.0, 0.034901875464694324)	(21.0, 0.04941494305432921)	(22.0, 0.07095968794634287)	(23.0, 0.10141355269896121)	(24.0, 0.14112037126906865)	(25.0, 0.20524158385071067)	(26.0, 0.2922348495515772)	(27.0, 0.420172736067335)	(28.0, 0.5267623542378703)	(29.0, 0.5952169662126268)	(30.0, 0.7047395426122046)	(31.0, 0.8397112895030833)	(32.0, 1.0120288617934632)	(33.0, 1.184308230310856)	(34.0, 1.3441899287257313)	(35.0, 1.5436256306187655)	(36.0, 1.7460259452956026)	(37.0, 1.9240118659609056)	(38.0, 2.0794040752816043)	(39.0, 2.2323403277674148)	(40.0, 2.390347858233177)	(41.0, 2.5680969155059596)	(42.0, 2.7554776897169893)	(43.0, 2.9386811542359665)	(44.0, 3.126542204450264)	(45.0, 3.3275519017903683)	(46.0, 3.621651095463719)	(47.0, 3.9687705768250146)	(48.0, 4.078937159683519)	(49.0, 4.054131995651145)	(50.0, 4.071293130476975)	(51.0, 3.980741456206448)	(52.0, 3.9879368639644857)	(53.0, 3.996232540384553)	(54.0, 3.746730248223666)	(55.0, 3.541603275691917)	(56.0, 3.400037557583455)	(57.0, 3.071482926821175)	(58.0, 2.7412822592113333)	(59.0, 2.50683661975287)	(60.0, 2.2914623037695945)	(61.0, 2.210798857484514)	(62.0, 2.007141092908214)	(63.0, 1.7176514573298565)	(64.0, 1.3015217719809338)	(65.0, 0.8596351028840704)	(66.0, 0.7193770453481405)	(67.0, 0.6777676788832727)	(68.0, 0.647040930037889)	(69.0, 0.6445456778936421)	(70.0, 0.5619316561134747)	(71.0, 0.35074010750410733)	(72.0, 0.22178709216326226)	(73.0, 0.1640742896161228)	(74.0, 0.12784292285147547)	(75.0, 0.11904623123709013)	(76.0, 0.09559893845031613)	(77.0, 0.06685441965478023)	(78.0, 0.051561995096207354)	(79.0, 0.034391036443037495)	(80.0, 0.020392082484172614)	(81.0, 0.017703628402247918)	(82.0, 0.016946102160731176)	(83.0, 0.01084441384649689)	(84.0, 0.004417447693686252)	(85.0, 0.002436309180209468)	(86.0, 0.0017420920482142967)	(87.0, 0.0012792806268841828)	(88.0, 0.0009452704973393364)	(89.0, 0.0008219268874093768)	(90.0, 0.0007171393957874642)	(91.0, 0.0006134434405366132)	(92.0, 0.0005643243038388417)	(93.0, 0.0005086559489147006)	(94.0, 0.0004508045212484364)	(95.0, 0.00042242457560083514)	(96.0, 0.000396227702695357)	(97.0, 0.0003700308297898788)	(98.0, 0.00038203772987155626)	(99.0, 0.0004366145484246358)	(100.0, 0.0008044623054723915)
