Sample	0	1	2	3	4	5	6	7	8	9	10	11	12	13	14	15	16	17	18	19	20	21	22	23	24	25	26	27	28	29	30	31
SRR12231697_1	(12.0, 1.0)	(13.0, 2.0)	(14.0, 10.0)	(15.0, 54.0)	(16.0, 302.0)	(17.0, 933.0)	(18.0, 2498.0)	(19.0, 5800.0)	(20.0, 12648.0)	(21.0, 23239.0)	(22.0, 37084.0)	(23.0, 53339.0)	(24.0, 72169.0)	(25.0, 95770.0)	(26.0, 131047.0)	(27.0, 224155.0)	(28.0, 262765.0)	(29.0, 261250.0)	(30.0, 291355.0)	(31.0, 340463.0)	(32.0, 400885.0)	(33.0, 477402.0)	(34.0, 578557.0)	(35.0, 722671.0)	(36.0, 945143.0)	(37.0, 1344528.0)	(38.0, 2219341.0)	(39.0, 5452437.0)	(40.0, 42269369.0)			
SRR12231697_2	(9.0, 1.0)	(10.0, 0.0)	(11.0, 74.0)	(12.0, 388.0)	(13.0, 606.0)	(14.0, 2070.0)	(15.0, 7689.0)	(16.0, 25620.0)	(17.0, 53062.0)	(18.0, 75344.0)	(19.0, 93103.0)	(20.0, 113535.0)	(21.0, 136965.0)	(22.0, 164926.0)	(23.0, 195729.0)	(24.0, 232037.0)	(25.0, 271145.0)	(26.0, 316258.0)	(27.0, 383509.0)	(28.0, 495379.0)	(29.0, 537862.0)	(30.0, 575769.0)	(31.0, 654840.0)	(32.0, 771878.0)	(33.0, 931169.0)	(34.0, 1160132.0)	(35.0, 1497407.0)	(36.0, 2029036.0)	(37.0, 2948432.0)	(38.0, 4955565.0)	(39.0, 11194842.0)	(40.0, 26400845.0)
SRR12231698_1	(13.0, 2.0)	(14.0, 11.0)	(15.0, 60.0)	(16.0, 314.0)	(17.0, 961.0)	(18.0, 2382.0)	(19.0, 5663.0)	(20.0, 12178.0)	(21.0, 22223.0)	(22.0, 35680.0)	(23.0, 51154.0)	(24.0, 69681.0)	(25.0, 90437.0)	(26.0, 120765.0)	(27.0, 188733.0)	(28.0, 225976.0)	(29.0, 239204.0)	(30.0, 272290.0)	(31.0, 320409.0)	(32.0, 379327.0)	(33.0, 451783.0)	(34.0, 547196.0)	(35.0, 683896.0)	(36.0, 894585.0)	(37.0, 1263367.0)	(38.0, 2080804.0)	(39.0, 5082002.0)	(40.0, 40725263.0)				
SRR12231698_2	(11.0, 47.0)	(12.0, 260.0)	(13.0, 418.0)	(14.0, 1457.0)	(15.0, 5702.0)	(16.0, 18976.0)	(17.0, 40445.0)	(18.0, 59615.0)	(19.0, 77281.0)	(20.0, 97813.0)	(21.0, 120483.0)	(22.0, 145874.0)	(23.0, 175320.0)	(24.0, 208199.0)	(25.0, 245705.0)	(26.0, 287118.0)	(27.0, 342394.0)	(28.0, 429427.0)	(29.0, 480351.0)	(30.0, 525853.0)	(31.0, 605243.0)	(32.0, 717106.0)	(33.0, 871568.0)	(34.0, 1088368.0)	(35.0, 1408154.0)	(36.0, 1915367.0)	(37.0, 2799721.0)	(38.0, 4727633.0)	(39.0, 10814802.0)	(40.0, 25555646.0)		
SRR12231699_1	(14.0, 9.0)	(15.0, 81.0)	(16.0, 322.0)	(17.0, 1065.0)	(18.0, 2631.0)	(19.0, 6276.0)	(20.0, 13555.0)	(21.0, 24829.0)	(22.0, 39600.0)	(23.0, 56327.0)	(24.0, 76169.0)	(25.0, 101216.0)	(26.0, 136482.0)	(27.0, 239452.0)	(28.0, 281971.0)	(29.0, 271487.0)	(30.0, 296797.0)	(31.0, 342053.0)	(32.0, 404411.0)	(33.0, 480065.0)	(34.0, 584272.0)	(35.0, 729876.0)	(36.0, 958989.0)	(37.0, 1362685.0)	(38.0, 2254110.0)	(39.0, 5510367.0)	(40.0, 42050885.0)					
SRR12231699_2	(10.0, 3.0)	(11.0, 60.0)	(12.0, 251.0)	(13.0, 440.0)	(14.0, 2102.0)	(15.0, 8991.0)	(16.0, 28832.0)	(17.0, 58061.0)	(18.0, 80478.0)	(19.0, 97447.0)	(20.0, 114789.0)	(21.0, 136865.0)	(22.0, 161160.0)	(23.0, 190588.0)	(24.0, 223509.0)	(25.0, 259799.0)	(26.0, 303020.0)	(27.0, 369959.0)	(28.0, 492437.0)	(29.0, 532820.0)	(30.0, 562148.0)	(31.0, 634816.0)	(32.0, 747268.0)	(33.0, 907794.0)	(34.0, 1138634.0)	(35.0, 1480614.0)	(36.0, 2024818.0)	(37.0, 2990436.0)	(38.0, 5072793.0)	(39.0, 11445696.0)	(40.0, 26159354.0)	
SRR12231700_1	(12.0, 1.0)	(13.0, 2.0)	(14.0, 2.0)	(15.0, 52.0)	(16.0, 316.0)	(17.0, 934.0)	(18.0, 2332.0)	(19.0, 5692.0)	(20.0, 12194.0)	(21.0, 22865.0)	(22.0, 35845.0)	(23.0, 51340.0)	(24.0, 69608.0)	(25.0, 92073.0)	(26.0, 122043.0)	(27.0, 185633.0)	(28.0, 228424.0)	(29.0, 246012.0)	(30.0, 280388.0)	(31.0, 331606.0)	(32.0, 393935.0)	(33.0, 471982.0)	(34.0, 576714.0)	(35.0, 724030.0)	(36.0, 952652.0)	(37.0, 1357359.0)	(38.0, 2247671.0)	(39.0, 5485063.0)	(40.0, 38944432.0)			
SRR12231700_2	(11.0, 28.0)	(12.0, 219.0)	(13.0, 422.0)	(14.0, 1398.0)	(15.0, 5139.0)	(16.0, 18042.0)	(17.0, 41074.0)	(18.0, 62135.0)	(19.0, 82714.0)	(20.0, 103642.0)	(21.0, 126456.0)	(22.0, 153056.0)	(23.0, 182478.0)	(24.0, 215309.0)	(25.0, 253273.0)	(26.0, 295001.0)	(27.0, 351411.0)	(28.0, 438338.0)	(29.0, 491119.0)	(30.0, 542832.0)	(31.0, 624414.0)	(32.0, 740929.0)	(33.0, 895848.0)	(34.0, 1118888.0)	(35.0, 1444978.0)	(36.0, 1951908.0)	(37.0, 2810148.0)	(38.0, 4666368.0)	(39.0, 10388824.0)	(40.0, 24834809.0)		
SRR12231701_1	(12.0, 2.0)	(13.0, 3.0)	(14.0, 9.0)	(15.0, 78.0)	(16.0, 392.0)	(17.0, 1161.0)	(18.0, 2728.0)	(19.0, 5998.0)	(20.0, 11940.0)	(21.0, 21608.0)	(22.0, 33796.0)	(23.0, 47598.0)	(24.0, 64719.0)	(25.0, 86473.0)	(26.0, 120296.0)	(27.0, 223798.0)	(28.0, 259443.0)	(29.0, 247309.0)	(30.0, 270150.0)	(31.0, 314988.0)	(32.0, 372043.0)	(33.0, 445451.0)	(34.0, 540485.0)	(35.0, 677983.0)	(36.0, 890763.0)	(37.0, 1272905.0)	(38.0, 2101447.0)	(39.0, 5144337.0)	(40.0, 42946374.0)			
SRR12231701_2	(11.0, 47.0)	(12.0, 332.0)	(13.0, 373.0)	(14.0, 1172.0)	(15.0, 3927.0)	(16.0, 13718.0)	(17.0, 29304.0)	(18.0, 43344.0)	(19.0, 56341.0)	(20.0, 71492.0)	(21.0, 89574.0)	(22.0, 110439.0)	(23.0, 133690.0)	(24.0, 162055.0)	(25.0, 194914.0)	(26.0, 230833.0)	(27.0, 290105.0)	(28.0, 402680.0)	(29.0, 439188.0)	(30.0, 459829.0)	(31.0, 516046.0)	(32.0, 611308.0)	(33.0, 745452.0)	(34.0, 940077.0)	(35.0, 1237744.0)	(36.0, 1714486.0)	(37.0, 2567448.0)	(38.0, 4468239.0)	(39.0, 10856881.0)	(40.0, 29713239.0)		
SRR12231702_1	(12.0, 2.0)	(13.0, 0.0)	(14.0, 8.0)	(15.0, 65.0)	(16.0, 233.0)	(17.0, 722.0)	(18.0, 1820.0)	(19.0, 4318.0)	(20.0, 9299.0)	(21.0, 17939.0)	(22.0, 28088.0)	(23.0, 40382.0)	(24.0, 54336.0)	(25.0, 71943.0)	(26.0, 97536.0)	(27.0, 156831.0)	(28.0, 192747.0)	(29.0, 200722.0)	(30.0, 224016.0)	(31.0, 263025.0)	(32.0, 312843.0)	(33.0, 374353.0)	(34.0, 455678.0)	(35.0, 570203.0)	(36.0, 751415.0)	(37.0, 1067859.0)	(38.0, 1767333.0)	(39.0, 4417049.0)	(40.0, 34726265.0)			
SRR12231702_2	(10.0, 1.0)	(11.0, 130.0)	(12.0, 772.0)	(13.0, 602.0)	(14.0, 1399.0)	(15.0, 4275.0)	(16.0, 13405.0)	(17.0, 28961.0)	(18.0, 42937.0)	(19.0, 55876.0)	(20.0, 69982.0)	(21.0, 87493.0)	(22.0, 107399.0)	(23.0, 130823.0)	(24.0, 156755.0)	(25.0, 186448.0)	(26.0, 220080.0)	(27.0, 264849.0)	(28.0, 342202.0)	(29.0, 379753.0)	(30.0, 409829.0)	(31.0, 466957.0)	(32.0, 550924.0)	(33.0, 670282.0)	(34.0, 839247.0)	(35.0, 1094941.0)	(36.0, 1501856.0)	(37.0, 2227751.0)	(38.0, 3852558.0)	(39.0, 9291823.0)	(40.0, 22806720.0)	
