Sample	0	1	2	3	4	5	6	7	8	9	10	11	12	13	14	15
SRR12231697_1	(1.0, 26.06810589973331)	(2.0, 10.929492453182105)	(3.0, 5.875609833019572)	(4.0, 3.652290969857013)	(5.0, 2.5670732109492183)	(6.0, 1.9556821309910062)	(7.0, 1.6647223833637703)	(8.0, 1.3410487033519827)	(9.0, 1.1627162088097032)	('>10', 14.152860666072542)	('>50', 4.3788807020639675)	('>100', 9.157279057483944)	('>500', 3.7323878436071385)	('>1k', 7.024981063566936)	('>5k', 2.2906773638875633)	('>10k+', 4.046191510060365)
SRR12231697_2	(1.0, 32.42362608785215)	(2.0, 11.790252757129966)	(3.0, 5.917336217305894)	(4.0, 3.5898009974251535)	(5.0, 2.5188404958874755)	(6.0, 1.9465184195945513)	(7.0, 1.5195204802759055)	(8.0, 1.2489273680091968)	(9.0, 1.0511885564069245)	('>10', 11.978347818462996)	('>50', 3.957845464251508)	('>100', 8.932832694284617)	('>500', 3.6784839966595206)	('>1k', 6.119430594613716)	('>5k', 1.1661208249132586)	('>10k+', 2.160927226927506)
SRR12231698_1	(1.0, 29.418311378574835)	(2.0, 11.54223966141092)	(3.0, 6.128654796181596)	(4.0, 3.7521932632753567)	(5.0, 2.647494770381719)	(6.0, 1.9957016198725714)	(7.0, 1.496392168933713)	(8.0, 1.2991504078424)	(9.0, 1.1204159653572332)	('>10', 12.802344137915433)	('>50', 4.1519647991523625)	('>100', 8.675913247085633)	('>500', 3.413531085768212)	('>1k', 6.297604801686579)	('>5k', 1.9129200238591937)	('>10k+', 3.345167872702265)
SRR12231698_2	(1.0, 34.70642086912251)	(2.0, 12.137983211337634)	(3.0, 6.013391793122433)	(4.0, 3.650678223668782)	(5.0, 2.5038124871847653)	(6.0, 1.7716606144815825)	(7.0, 1.4280286512928113)	(8.0, 1.1620953253081978)	(9.0, 0.9491270578005233)	('>10', 11.155654898307404)	('>50', 3.924283984600098)	('>100', 8.687778568487012)	('>500', 3.363241003462332)	('>1k', 5.4401520155647844)	('>5k', 0.9641877626690544)	('>10k+', 2.141503533590141)
SRR12231699_1	(1.0, 28.944717202510052)	(2.0, 11.052490483250436)	(3.0, 5.711445870637025)	(4.0, 3.618049299652932)	(5.0, 2.541697972984678)	(6.0, 2.049268480369312)	(7.0, 1.6613702437566311)	(8.0, 1.3024471426065263)	(9.0, 1.1536272031940338)	('>10', 13.543866523745296)	('>50', 4.058462695416464)	('>100', 8.153460787204459)	('>500', 3.4197040870926556)	('>1k', 6.5897134881435715)	('>5k', 2.176555847219502)	('>10k+', 4.02312267221645)
SRR12231699_2	(1.0, 35.046332266944034)	(2.0, 11.68717667755609)	(3.0, 5.797096641169204)	(4.0, 3.5853537414796293)	(5.0, 2.4613724492098124)	(6.0, 1.8747571214477148)	(7.0, 1.5681189705222893)	(8.0, 1.228053265328908)	(9.0, 1.0857932338059935)	('>10', 11.097299297603385)	('>50', 3.6612464430050164)	('>100', 7.953455045567486)	('>500', 3.15402307554639)	('>1k', 5.926121640351206)	('>5k', 1.374181843285626)	('>10k+', 2.499618287177243)
SRR12231700_1	(1.0, 28.812096003538034)	(2.0, 11.704690965313787)	(3.0, 6.089750005217218)	(4.0, 3.781079664798496)	(5.0, 2.6138352461127083)	(6.0, 2.0791880746664835)	(7.0, 1.6452810380108425)	(8.0, 1.325355026882892)	(9.0, 1.1258378274230665)	('>10', 13.473019941329051)	('>50', 3.9166412564747595)	('>100', 8.106874087807164)	('>500', 3.2595413428916533)	('>1k', 6.552328221421087)	('>5k', 1.8534925842323098)	('>10k+', 3.6609887138803017)
SRR12231700_2	(1.0, 36.05986444076951)	(2.0, 12.303941594661708)	(3.0, 6.031833480509705)	(4.0, 3.6651268760947735)	(5.0, 2.4218557448655598)	(6.0, 1.9354275713027562)	(7.0, 1.4317892763476499)	(8.0, 1.2491102376337728)	(9.0, 0.9486584370588086)	('>10', 10.860818455214714)	('>50', 3.495424516701158)	('>100', 7.842988114285417)	('>500', 3.307623999355088)	('>1k', 5.233998794806004)	('>5k', 1.2579010841760419)	('>10k+', 1.9536373762173451)
SRR12231701_1	(1.0, 26.975468165834123)	(2.0, 10.204396696417946)	(3.0, 5.268354926262656)	(4.0, 3.4537818697250464)	(5.0, 2.467540941573708)	(6.0, 1.9403500582219073)	(7.0, 1.5421389396988152)	(8.0, 1.2832022324850092)	(9.0, 1.0917916987963416)	('>10', 13.501673142124346)	('>50', 4.316076910637488)	('>100', 8.465566320608005)	('>500', 3.3933027051284066)	('>1k', 7.676377444625626)	('>5k', 2.7738463366345)	('>10k+', 5.646131611225886)
SRR12231701_2	(1.0, 32.8186668166945)	(2.0, 11.055679020293793)	(3.0, 5.403628368046917)	(4.0, 3.3695302481821447)	(5.0, 2.2978429058065597)	(6.0, 1.8343449057160364)	(7.0, 1.4468578712237423)	(8.0, 1.2007776213386665)	(9.0, 1.0854256427515978)	('>10', 11.567784863585008)	('>50', 3.9092313058334445)	('>100', 7.786051000686991)	('>500', 3.5949601206835866)	('>1k', 7.652094376978264)	('>5k', 1.8467972515159539)	('>10k+', 3.1303276806627136)
SRR12231702_1	(1.0, 26.566286195364853)	(2.0, 10.379988511984132)	(3.0, 5.50097388966322)	(4.0, 3.5674352516898047)	(5.0, 2.516734203600378)	(6.0, 1.9868477790033638)	(7.0, 1.6087659192371682)	(8.0, 1.3475929533553042)	(9.0, 1.1010303701114696)	('>10', 13.656934753634914)	('>50', 4.133984826762734)	('>100', 7.9982625534910365)	('>500', 3.3071368617872827)	('>1k', 7.0247844155273516)	('>5k', 2.7872227081666168)	('>10k+', 6.516018806620223)
SRR12231702_2	(1.0, 33.364005035770255)	(2.0, 11.365564114592539)	(3.0, 5.676905261337244)	(4.0, 3.6092370971346113)	(5.0, 2.4123483664572194)	(6.0, 1.9413672695490491)	(7.0, 1.5113204805387308)	(8.0, 1.1994103794191107)	(9.0, 1.0315662945543083)	('>10', 10.986711896093816)	('>50', 3.4448090502512025)	('>100', 7.152026397576981)	('>500', 3.0872751916383563)	('>1k', 7.206877929551789)	('>5k', 2.262454161834401)	('>10k+', 3.7481210737005983)
