Sample	0	1	2	3	4	5	6	7	8	9	10	11	12	13	14	15	16	17	18	19	20	21	22	23	24	25	26	27	28	29	30	31	32	33	34	35	36	37	38	39	40	41	42	43	44	45	46	47	48	49	50	51	52	53	54	55	56	57	58	59	60	61	62	63	64	65	66	67	68	69	70	71	72	73	74	75	76	77	78	79	80	81	82	83	84	85	86	87	88	89	90	91	92	93	94	95	96	97	98	99	100
SRR12231697_1	(0.0, 747.0)	(1.0, 1059.5)	(2.0, 1392.0)	(3.0, 1739.5)	(4.0, 2169.0)	(5.0, 2169.5)	(6.0, 1948.0)	(7.0, 1788.5)	(8.0, 1725.0)	(9.0, 1728.5)	(10.0, 1785.5)	(11.0, 1806.5)	(12.0, 1900.0)	(13.0, 2036.5)	(14.0, 2285.5)	(15.0, 2750.0)	(16.0, 3367.0)	(17.0, 4282.5)	(18.0, 5842.0)	(19.0, 8333.5)	(20.0, 12757.5)	(21.0, 19647.0)	(22.0, 29412.5)	(23.0, 42574.0)	(24.0, 60952.5)	(25.0, 87419.0)	(26.0, 127120.5)	(27.0, 194584.5)	(28.0, 251059.0)	(29.0, 293276.5)	(30.0, 395920.5)	(31.0, 505111.0)	(32.0, 575629.5)	(33.0, 666021.5)	(34.0, 782701.0)	(35.0, 910152.5)	(36.0, 1028782.0)	(37.0, 1146774.0)	(38.0, 1245455.5)	(39.0, 1335160.0)	(40.0, 1430745.0)	(41.0, 1509567.5)	(42.0, 1591353.5)	(43.0, 1715941.0)	(44.0, 1870656.5)	(45.0, 1990420.0)	(46.0, 2077885.0)	(47.0, 2170729.5)	(48.0, 2328487.5)	(49.0, 2447366.0)	(50.0, 2429710.0)	(51.0, 2367277.0)	(52.0, 2341290.0)	(53.0, 2276690.0)	(54.0, 2118819.5)	(55.0, 1994382.0)	(56.0, 1873548.0)	(57.0, 1705054.5)	(58.0, 1563589.5)	(59.0, 1387763.5)	(60.0, 1236533.5)	(61.0, 1177914.5)	(62.0, 1056957.5)	(63.0, 893935.0)	(64.0, 648428.0)	(65.0, 418354.5)	(66.0, 340893.5)	(67.0, 303670.5)	(68.0, 239491.0)	(69.0, 188881.5)	(70.0, 168511.5)	(71.0, 132562.0)	(72.0, 107348.0)	(73.0, 82148.0)	(74.0, 61403.5)	(75.0, 48993.0)	(76.0, 43910.5)	(77.0, 35997.5)	(78.0, 20678.0)	(79.0, 11872.0)	(80.0, 11918.5)	(81.0, 13638.0)	(82.0, 13245.0)	(83.0, 8752.5)	(84.0, 3577.5)	(85.0, 1811.5)	(86.0, 855.0)	(87.0, 347.0)	(88.0, 103.0)	(89.0, 55.0)	(90.0, 27.0)	(91.0, 16.0)	(92.0, 20.0)	(93.0, 17.5)	(94.0, 11.0)	(95.0, 7.5)	(96.0, 10.5)	(97.0, 10.0)	(98.0, 7.5)	(99.0, 7.0)	(100.0, 16.0)
SRR12231697_2	(0.0, 801.0)	(1.0, 784.0)	(2.0, 792.5)	(3.0, 970.5)	(4.0, 1203.5)	(5.0, 1355.5)	(6.0, 1543.0)	(7.0, 1791.5)	(8.0, 2027.5)	(9.0, 2354.5)	(10.0, 2766.0)	(11.0, 3264.5)	(12.0, 3840.5)	(13.0, 4543.0)	(14.0, 5352.5)	(15.0, 6347.5)	(16.0, 7796.5)	(17.0, 9872.0)	(18.0, 12819.5)	(19.0, 17064.5)	(20.0, 23168.5)	(21.0, 31933.5)	(22.0, 44945.5)	(23.0, 62894.0)	(24.0, 85597.5)	(25.0, 125403.0)	(26.0, 179889.5)	(27.0, 260370.5)	(28.0, 323672.5)	(29.0, 359133.0)	(30.0, 423258.5)	(31.0, 500590.0)	(32.0, 597251.0)	(33.0, 700685.5)	(34.0, 798177.5)	(35.0, 918386.5)	(36.0, 1041206.5)	(37.0, 1143269.0)	(38.0, 1223981.0)	(39.0, 1305382.5)	(40.0, 1391409.5)	(41.0, 1488510.5)	(42.0, 1598977.5)	(43.0, 1700885.5)	(44.0, 1808315.5)	(45.0, 1927166.0)	(46.0, 2028359.0)	(47.0, 2117363.5)	(48.0, 2205230.5)	(49.0, 2244221.0)	(50.0, 2239508.0)	(51.0, 2209439.0)	(52.0, 2196864.0)	(53.0, 2167429.0)	(54.0, 2068778.5)	(55.0, 1986253.5)	(56.0, 1872568.0)	(57.0, 1708852.5)	(58.0, 1561536.0)	(59.0, 1413960.0)	(60.0, 1281392.5)	(61.0, 1184657.5)	(62.0, 1070571.5)	(63.0, 968470.0)	(64.0, 741629.0)	(65.0, 468465.5)	(66.0, 366705.0)	(67.0, 323461.5)	(68.0, 301428.0)	(69.0, 312413.0)	(70.0, 272959.5)	(71.0, 176242.0)	(72.0, 127008.5)	(73.0, 98639.0)	(74.0, 77529.5)	(75.0, 66125.0)	(76.0, 51470.5)	(77.0, 41950.5)	(78.0, 32763.5)	(79.0, 21785.5)	(80.0, 14168.5)	(81.0, 13941.0)	(82.0, 14901.0)	(83.0, 10096.0)	(84.0, 4709.5)	(85.0, 2690.0)	(86.0, 1552.5)	(87.0, 946.0)	(88.0, 592.5)	(89.0, 493.0)	(90.0, 433.5)	(91.0, 359.5)	(92.0, 309.0)	(93.0, 293.0)	(94.0, 286.5)	(95.0, 276.5)	(96.0, 263.5)	(97.0, 259.5)	(98.0, 261.5)	(99.0, 250.5)	(100.0, 436.5)
SRR12231698_1	(0.0, 846.0)	(1.0, 1086.5)	(2.0, 1351.0)	(3.0, 1705.0)	(4.0, 2056.5)	(5.0, 1948.0)	(6.0, 1729.5)	(7.0, 1615.5)	(8.0, 1548.0)	(9.0, 1553.5)	(10.0, 1631.0)	(11.0, 1677.0)	(12.0, 1747.0)	(13.0, 1847.0)	(14.0, 2033.0)	(15.0, 2440.5)	(16.0, 3057.5)	(17.0, 3900.5)	(18.0, 5390.5)	(19.0, 7740.0)	(20.0, 11722.5)	(21.0, 17916.0)	(22.0, 27156.5)	(23.0, 39913.0)	(24.0, 57436.0)	(25.0, 82366.0)	(26.0, 120550.5)	(27.0, 184678.0)	(28.0, 237123.5)	(29.0, 279040.0)	(30.0, 374981.0)	(31.0, 473484.0)	(32.0, 534818.5)	(33.0, 620677.0)	(34.0, 738437.5)	(35.0, 863452.5)	(36.0, 979602.5)	(37.0, 1097647.5)	(38.0, 1197450.0)	(39.0, 1289934.0)	(40.0, 1385097.5)	(41.0, 1461885.0)	(42.0, 1543431.5)	(43.0, 1659849.0)	(44.0, 1810216.5)	(45.0, 1936149.0)	(46.0, 2018566.5)	(47.0, 2093784.5)	(48.0, 2231418.5)	(49.0, 2336959.5)	(50.0, 2329576.0)	(51.0, 2280841.0)	(52.0, 2254539.0)	(53.0, 2192699.5)	(54.0, 2054659.5)	(55.0, 1931788.5)	(56.0, 1803028.5)	(57.0, 1639554.5)	(58.0, 1485230.0)	(59.0, 1327175.0)	(60.0, 1220689.5)	(61.0, 1172592.5)	(62.0, 1026990.5)	(63.0, 841460.5)	(64.0, 615983.0)	(65.0, 391205.0)	(66.0, 291618.0)	(67.0, 245198.5)	(68.0, 195602.5)	(69.0, 153795.0)	(70.0, 127342.5)	(71.0, 98646.0)	(72.0, 78689.5)	(73.0, 59529.0)	(74.0, 43138.5)	(75.0, 32646.0)	(76.0, 27594.0)	(77.0, 22302.0)	(78.0, 13658.0)	(79.0, 8605.5)	(80.0, 10623.0)	(81.0, 13087.5)	(82.0, 11911.5)	(83.0, 7320.0)	(84.0, 2722.5)	(85.0, 1203.5)	(86.0, 461.0)	(87.0, 172.0)	(88.0, 53.5)	(89.0, 32.5)	(90.0, 26.5)	(91.0, 19.0)	(92.0, 15.5)	(93.0, 12.0)	(94.0, 10.0)	(95.0, 10.0)	(96.0, 6.5)	(97.0, 7.0)	(98.0, 8.5)	(99.0, 7.0)	(100.0, 19.5)
SRR12231698_2	(0.0, 788.0)	(1.0, 699.5)	(2.0, 649.0)	(3.0, 818.0)	(4.0, 1016.5)	(5.0, 1088.5)	(6.0, 1132.0)	(7.0, 1293.0)	(8.0, 1517.5)	(9.0, 1784.5)	(10.0, 2104.0)	(11.0, 2452.0)	(12.0, 2847.0)	(13.0, 3327.5)	(14.0, 4062.5)	(15.0, 5004.0)	(16.0, 6168.0)	(17.0, 7969.0)	(18.0, 10558.5)	(19.0, 14151.0)	(20.0, 19932.0)	(21.0, 28262.0)	(22.0, 40385.5)	(23.0, 57497.5)	(24.0, 79819.0)	(25.0, 117060.0)	(26.0, 168701.0)	(27.0, 246298.5)	(28.0, 306978.5)	(29.0, 343298.0)	(30.0, 405120.0)	(31.0, 477719.5)	(32.0, 570977.0)	(33.0, 670790.5)	(34.0, 767478.5)	(35.0, 888326.0)	(36.0, 1006733.5)	(37.0, 1100271.5)	(38.0, 1174954.5)	(39.0, 1252161.0)	(40.0, 1334410.0)	(41.0, 1432934.5)	(42.0, 1545281.5)	(43.0, 1647371.0)	(44.0, 1754681.0)	(45.0, 1874576.0)	(46.0, 1965757.0)	(47.0, 2031517.0)	(48.0, 2119142.5)	(49.0, 2172579.0)	(50.0, 2171663.0)	(51.0, 2145498.5)	(52.0, 2126683.5)	(53.0, 2093137.0)	(54.0, 2001457.5)	(55.0, 1912307.5)	(56.0, 1790681.0)	(57.0, 1638666.5)	(58.0, 1500781.5)	(59.0, 1356111.5)	(60.0, 1230449.0)	(61.0, 1130856.5)	(62.0, 1020659.0)	(63.0, 932554.0)	(64.0, 722035.0)	(65.0, 447197.5)	(66.0, 329759.0)	(67.0, 282137.5)	(68.0, 255110.5)	(69.0, 250218.5)	(70.0, 210860.5)	(71.0, 135404.0)	(72.0, 95239.5)	(73.0, 70625.5)	(74.0, 54251.0)	(75.0, 45608.5)	(76.0, 34269.0)	(77.0, 27720.0)	(78.0, 20502.0)	(79.0, 13289.5)	(80.0, 10302.5)	(81.0, 10767.5)	(82.0, 11401.0)	(83.0, 7687.0)	(84.0, 3229.5)	(85.0, 1640.0)	(86.0, 912.5)	(87.0, 652.0)	(88.0, 487.5)	(89.0, 417.0)	(90.0, 395.0)	(91.0, 321.5)	(92.0, 269.0)	(93.0, 260.5)	(94.0, 245.0)	(95.0, 226.5)	(96.0, 208.0)	(97.0, 198.0)	(98.0, 203.0)	(99.0, 197.0)	(100.0, 318.5)
SRR12231699_1	(0.0, 805.0)	(1.0, 1001.5)	(2.0, 1198.5)	(3.0, 1456.5)	(4.0, 1774.5)	(5.0, 1712.0)	(6.0, 1595.0)	(7.0, 1554.5)	(8.0, 1492.0)	(9.0, 1486.0)	(10.0, 1528.0)	(11.0, 1614.5)	(12.0, 1703.0)	(13.0, 1829.5)	(14.0, 2104.0)	(15.0, 2437.0)	(16.0, 2969.0)	(17.0, 3901.5)	(18.0, 5376.0)	(19.0, 7495.5)	(20.0, 11326.5)	(21.0, 17248.5)	(22.0, 25976.0)	(23.0, 38836.5)	(24.0, 57001.0)	(25.0, 82172.0)	(26.0, 119026.0)	(27.0, 178001.0)	(28.0, 231267.0)	(29.0, 276295.0)	(30.0, 368626.0)	(31.0, 463550.5)	(32.0, 528848.0)	(33.0, 619333.5)	(34.0, 732808.0)	(35.0, 853753.5)	(36.0, 972544.0)	(37.0, 1095907.0)	(38.0, 1210052.0)	(39.0, 1315835.0)	(40.0, 1417436.0)	(41.0, 1495280.0)	(42.0, 1578426.5)	(43.0, 1705525.5)	(44.0, 1856870.0)	(45.0, 1974151.0)	(46.0, 2093792.0)	(47.0, 2212347.0)	(48.0, 2353719.0)	(49.0, 2452142.0)	(50.0, 2433710.5)	(51.0, 2405550.5)	(52.0, 2388472.0)	(53.0, 2309225.5)	(54.0, 2128740.0)	(55.0, 1978071.0)	(56.0, 1863809.5)	(57.0, 1705236.0)	(58.0, 1589238.0)	(59.0, 1445473.0)	(60.0, 1308193.0)	(61.0, 1246831.5)	(62.0, 1092414.5)	(63.0, 895308.5)	(64.0, 659192.0)	(65.0, 448593.0)	(66.0, 364001.0)	(67.0, 325868.0)	(68.0, 262337.0)	(69.0, 209983.0)	(70.0, 189506.5)	(71.0, 144830.5)	(72.0, 106166.5)	(73.0, 75641.0)	(74.0, 58556.0)	(75.0, 48192.0)	(76.0, 43051.0)	(77.0, 34825.5)	(78.0, 20565.0)	(79.0, 12828.5)	(80.0, 12201.5)	(81.0, 12791.0)	(82.0, 11695.5)	(83.0, 7298.5)	(84.0, 2517.0)	(85.0, 1167.0)	(86.0, 526.0)	(87.0, 222.0)	(88.0, 94.5)	(89.0, 76.0)	(90.0, 56.0)	(91.0, 40.5)	(92.0, 25.5)	(93.0, 19.5)	(94.0, 15.5)	(95.0, 12.0)	(96.0, 10.0)	(97.0, 7.5)	(98.0, 7.0)	(99.0, 10.0)	(100.0, 29.5)
SRR12231699_2	(0.0, 850.0)	(1.0, 787.0)	(2.0, 724.0)	(3.0, 893.5)	(4.0, 1120.5)	(5.0, 1184.5)	(6.0, 1284.0)	(7.0, 1479.0)	(8.0, 1721.5)	(9.0, 1998.0)	(10.0, 2262.5)	(11.0, 2684.5)	(12.0, 3161.0)	(13.0, 3688.0)	(14.0, 4388.5)	(15.0, 5321.5)	(16.0, 6531.0)	(17.0, 8147.5)	(18.0, 10603.0)	(19.0, 14292.0)	(20.0, 19799.5)	(21.0, 27667.0)	(22.0, 39255.5)	(23.0, 55709.0)	(24.0, 77758.5)	(25.0, 112589.0)	(26.0, 160300.0)	(27.0, 230928.5)	(28.0, 289796.5)	(29.0, 328975.0)	(30.0, 390058.5)	(31.0, 462785.0)	(32.0, 555068.5)	(33.0, 652570.0)	(34.0, 745216.0)	(35.0, 862279.5)	(36.0, 982262.5)	(37.0, 1086125.0)	(38.0, 1179071.5)	(39.0, 1271832.5)	(40.0, 1365162.0)	(41.0, 1473868.0)	(42.0, 1589874.5)	(43.0, 1693709.0)	(44.0, 1803441.5)	(45.0, 1924233.5)	(46.0, 2047497.5)	(47.0, 2170434.5)	(48.0, 2250895.5)	(49.0, 2279268.0)	(50.0, 2286409.0)	(51.0, 2256299.0)	(52.0, 2246590.0)	(53.0, 2224049.0)	(54.0, 2113226.5)	(55.0, 2006546.5)	(56.0, 1894657.0)	(57.0, 1729017.0)	(58.0, 1566620.0)	(59.0, 1426816.0)	(60.0, 1306471.0)	(61.0, 1235088.5)	(62.0, 1124835.5)	(63.0, 990429.5)	(64.0, 761323.0)	(65.0, 496439.5)	(66.0, 393437.0)	(67.0, 349604.5)	(68.0, 320495.5)	(69.0, 318368.5)	(70.0, 272914.0)	(71.0, 173827.0)	(72.0, 117720.0)	(73.0, 87798.5)	(74.0, 68771.0)	(75.0, 61925.0)	(76.0, 48942.5)	(77.0, 36587.5)	(78.0, 28368.0)	(79.0, 19998.5)	(80.0, 14114.5)	(81.0, 13099.5)	(82.0, 13058.0)	(83.0, 8591.5)	(84.0, 3416.5)	(85.0, 1805.5)	(86.0, 1191.5)	(87.0, 855.0)	(88.0, 631.5)	(89.0, 544.0)	(90.0, 472.0)	(91.0, 385.0)	(92.0, 332.0)	(93.0, 293.0)	(94.0, 284.0)	(95.0, 285.5)	(96.0, 275.5)	(97.0, 262.0)	(98.0, 254.0)	(99.0, 262.0)	(100.0, 502.5)
SRR12231700_1	(0.0, 594.0)	(1.0, 864.0)	(2.0, 1201.5)	(3.0, 1554.0)	(4.0, 1941.5)	(5.0, 1944.5)	(6.0, 1706.5)	(7.0, 1599.0)	(8.0, 1591.0)	(9.0, 1581.5)	(10.0, 1649.5)	(11.0, 1662.0)	(12.0, 1728.0)	(13.0, 1916.5)	(14.0, 2217.0)	(15.0, 2747.0)	(16.0, 3425.0)	(17.0, 4351.0)	(18.0, 5991.5)	(19.0, 8351.5)	(20.0, 12606.0)	(21.0, 18946.5)	(22.0, 27931.5)	(23.0, 41052.5)	(24.0, 59082.0)	(25.0, 84509.0)	(26.0, 122419.5)	(27.0, 184878.0)	(28.0, 240108.0)	(29.0, 283988.0)	(30.0, 379839.0)	(31.0, 484839.5)	(32.0, 554486.5)	(33.0, 634568.0)	(34.0, 741790.0)	(35.0, 861627.5)	(36.0, 972807.0)	(37.0, 1085620.0)	(38.0, 1182893.5)	(39.0, 1279361.0)	(40.0, 1376299.5)	(41.0, 1453135.0)	(42.0, 1536415.0)	(43.0, 1652884.0)	(44.0, 1798304.0)	(45.0, 1911113.0)	(46.0, 1988834.0)	(47.0, 2073219.5)	(48.0, 2210523.5)	(49.0, 2315083.0)	(50.0, 2304974.5)	(51.0, 2254094.0)	(52.0, 2235404.0)	(53.0, 2168595.5)	(54.0, 1996846.5)	(55.0, 1852314.0)	(56.0, 1732973.0)	(57.0, 1585617.0)	(58.0, 1466447.0)	(59.0, 1311171.5)	(60.0, 1160060.0)	(61.0, 1108633.5)	(62.0, 1004305.0)	(63.0, 847576.5)	(64.0, 606302.5)	(65.0, 369038.5)	(66.0, 283842.5)	(67.0, 245606.0)	(68.0, 189861.0)	(69.0, 139303.5)	(70.0, 108761.5)	(71.0, 72678.5)	(72.0, 50118.0)	(73.0, 33727.0)	(74.0, 24150.5)	(75.0, 18175.0)	(76.0, 15423.5)	(77.0, 12417.0)	(78.0, 6770.0)	(79.0, 3498.0)	(80.0, 3616.5)	(81.0, 4177.5)	(82.0, 3645.5)	(83.0, 2050.5)	(84.0, 706.0)	(85.0, 333.5)	(86.0, 169.5)	(87.0, 90.5)	(88.0, 45.5)	(89.0, 33.0)	(90.0, 25.5)	(91.0, 19.0)	(92.0, 20.0)	(93.0, 14.0)	(94.0, 6.5)	(95.0, 8.5)	(96.0, 8.0)	(97.0, 7.5)	(98.0, 8.5)	(99.0, 8.0)	(100.0, 21.5)
SRR12231700_2	(0.0, 591.0)	(1.0, 539.0)	(2.0, 499.5)	(3.0, 631.0)	(4.0, 793.5)	(5.0, 910.0)	(6.0, 1012.0)	(7.0, 1163.5)	(8.0, 1357.0)	(9.0, 1555.5)	(10.0, 1880.0)	(11.0, 2230.5)	(12.0, 2643.5)	(13.0, 3205.0)	(14.0, 3889.0)	(15.0, 4883.5)	(16.0, 6295.0)	(17.0, 8212.5)	(18.0, 10819.5)	(19.0, 14630.0)	(20.0, 20553.0)	(21.0, 28891.5)	(22.0, 41021.5)	(23.0, 58273.0)	(24.0, 81434.0)	(25.0, 120198.0)	(26.0, 172684.5)	(27.0, 250720.0)	(28.0, 312802.0)	(29.0, 348435.5)	(30.0, 411614.0)	(31.0, 487938.0)	(32.0, 581929.5)	(33.0, 679428.0)	(34.0, 771296.0)	(35.0, 881532.5)	(36.0, 990253.5)	(37.0, 1082056.5)	(38.0, 1159317.5)	(39.0, 1239889.5)	(40.0, 1327454.0)	(41.0, 1426820.0)	(42.0, 1534494.0)	(43.0, 1633793.5)	(44.0, 1728484.5)	(45.0, 1831733.0)	(46.0, 1935379.5)	(47.0, 2034019.0)	(48.0, 2110325.0)	(49.0, 2136087.0)	(50.0, 2135835.0)	(51.0, 2102312.0)	(52.0, 2080758.5)	(53.0, 2051632.0)	(54.0, 1954829.5)	(55.0, 1869718.5)	(56.0, 1764914.0)	(57.0, 1610164.5)	(58.0, 1465832.5)	(59.0, 1322430.0)	(60.0, 1198989.5)	(61.0, 1118092.5)	(62.0, 1011844.0)	(63.0, 914952.0)	(64.0, 702401.0)	(65.0, 437083.0)	(66.0, 332271.0)	(67.0, 280503.0)	(68.0, 239623.5)	(69.0, 222531.5)	(70.0, 181355.5)	(71.0, 108727.0)	(72.0, 67907.0)	(73.0, 46610.5)	(74.0, 32669.5)	(75.0, 27450.5)	(76.0, 20657.5)	(77.0, 14565.5)	(78.0, 9989.0)	(79.0, 6245.5)	(80.0, 4355.0)	(81.0, 3992.5)	(82.0, 3699.5)	(83.0, 2409.5)	(84.0, 1182.0)	(85.0, 769.5)	(86.0, 615.5)	(87.0, 522.5)	(88.0, 418.0)	(89.0, 377.5)	(90.0, 349.5)	(91.0, 317.5)	(92.0, 300.0)	(93.0, 290.5)	(94.0, 269.0)	(95.0, 245.5)	(96.0, 265.0)	(97.0, 238.5)	(98.0, 225.0)	(99.0, 253.5)	(100.0, 517.5)
SRR12231701_1	(0.0, 289.0)	(1.0, 466.0)	(2.0, 692.5)	(3.0, 921.0)	(4.0, 1164.0)	(5.0, 1208.5)	(6.0, 1149.5)	(7.0, 1107.5)	(8.0, 1092.0)	(9.0, 1065.0)	(10.0, 1047.0)	(11.0, 1068.5)	(12.0, 1151.0)	(13.0, 1265.0)	(14.0, 1430.5)	(15.0, 1720.0)	(16.0, 2073.5)	(17.0, 2700.0)	(18.0, 3848.0)	(19.0, 5476.0)	(20.0, 8536.0)	(21.0, 13235.0)	(22.0, 20323.0)	(23.0, 30996.0)	(24.0, 46383.0)	(25.0, 68283.0)	(26.0, 102229.0)	(27.0, 160366.0)	(28.0, 212611.5)	(29.0, 253675.0)	(30.0, 348138.5)	(31.0, 448289.5)	(32.0, 510697.5)	(33.0, 591106.5)	(34.0, 698760.5)	(35.0, 821571.5)	(36.0, 941986.5)	(37.0, 1069704.0)	(38.0, 1180932.0)	(39.0, 1273696.0)	(40.0, 1374682.0)	(41.0, 1465165.5)	(42.0, 1555159.5)	(43.0, 1703258.5)	(44.0, 1880251.5)	(45.0, 1994305.0)	(46.0, 2100839.5)	(47.0, 2208755.0)	(48.0, 2362348.5)	(49.0, 2501264.5)	(50.0, 2496779.5)	(51.0, 2444206.0)	(52.0, 2405598.5)	(53.0, 2345398.0)	(54.0, 2175009.0)	(55.0, 2016503.5)	(56.0, 1897935.0)	(57.0, 1728982.0)	(58.0, 1628426.5)	(59.0, 1471131.0)	(60.0, 1273938.0)	(61.0, 1202657.5)	(62.0, 1087586.0)	(63.0, 911481.5)	(64.0, 652689.5)	(65.0, 422861.5)	(66.0, 356205.0)	(67.0, 329021.5)	(68.0, 262331.5)	(69.0, 216781.5)	(70.0, 199660.5)	(71.0, 150226.0)	(72.0, 110873.5)	(73.0, 76199.0)	(74.0, 59663.5)	(75.0, 49591.0)	(76.0, 42746.0)	(77.0, 34400.5)	(78.0, 19617.0)	(79.0, 11630.5)	(80.0, 11133.0)	(81.0, 11910.5)	(82.0, 10977.0)	(83.0, 6797.0)	(84.0, 2453.0)	(85.0, 1215.0)	(86.0, 598.5)	(87.0, 293.0)	(88.0, 108.0)	(89.0, 81.0)	(90.0, 59.0)	(91.0, 32.5)	(92.0, 28.0)	(93.0, 23.0)	(94.0, 7.5)	(95.0, 9.5)	(96.0, 17.0)	(97.0, 15.0)	(98.0, 7.0)	(99.0, 5.5)	(100.0, 20.5)
SRR12231701_2	(0.0, 368.0)	(1.0, 340.0)	(2.0, 342.5)	(3.0, 442.5)	(4.0, 578.0)	(5.0, 697.5)	(6.0, 788.5)	(7.0, 915.0)	(8.0, 1092.5)	(9.0, 1276.5)	(10.0, 1486.5)	(11.0, 1747.5)	(12.0, 2013.0)	(13.0, 2376.5)	(14.0, 2905.5)	(15.0, 3508.5)	(16.0, 4333.0)	(17.0, 5693.5)	(18.0, 7615.5)	(19.0, 10254.0)	(20.0, 14563.0)	(21.0, 21240.5)	(22.0, 30815.5)	(23.0, 44848.5)	(24.0, 64394.0)	(25.0, 96888.0)	(26.0, 142176.0)	(27.0, 212362.0)	(28.0, 270355.5)	(29.0, 304153.0)	(30.0, 363860.0)	(31.0, 440412.0)	(32.0, 539089.5)	(33.0, 644488.5)	(34.0, 743375.0)	(35.0, 857915.5)	(36.0, 977045.5)	(37.0, 1090977.0)	(38.0, 1179578.0)	(39.0, 1254466.5)	(40.0, 1339196.5)	(41.0, 1442964.5)	(42.0, 1557656.5)	(43.0, 1673906.5)	(44.0, 1788834.0)	(45.0, 1911929.5)	(46.0, 2057728.5)	(47.0, 2204315.0)	(48.0, 2285345.0)	(49.0, 2325362.5)	(50.0, 2350035.0)	(51.0, 2304559.5)	(52.0, 2293956.0)	(53.0, 2275060.5)	(54.0, 2144719.5)	(55.0, 2044108.5)	(56.0, 1945897.0)	(57.0, 1760647.5)	(58.0, 1579999.0)	(59.0, 1427714.5)	(60.0, 1293138.0)	(61.0, 1224127.5)	(62.0, 1101847.0)	(63.0, 951200.5)	(64.0, 720594.5)	(65.0, 467102.5)	(66.0, 378289.0)	(67.0, 345434.0)	(68.0, 317146.5)	(69.0, 299566.5)	(70.0, 258676.5)	(71.0, 170524.5)	(72.0, 116449.0)	(73.0, 87299.5)	(74.0, 68442.5)	(75.0, 62154.5)	(76.0, 48589.5)	(77.0, 36477.5)	(78.0, 27934.5)	(79.0, 18618.0)	(80.0, 12679.5)	(81.0, 11913.5)	(82.0, 11863.5)	(83.0, 7691.0)	(84.0, 3111.0)	(85.0, 1711.0)	(86.0, 1158.5)	(87.0, 801.0)	(88.0, 573.5)	(89.0, 474.0)	(90.0, 395.0)	(91.0, 343.0)	(92.0, 309.5)	(93.0, 263.5)	(94.0, 240.0)	(95.0, 233.5)	(96.0, 213.5)	(97.0, 211.0)	(98.0, 208.5)	(99.0, 192.5)	(100.0, 321.0)
SRR12231702_1	(0.0, 467.0)	(1.0, 726.5)	(2.0, 984.5)	(3.0, 1230.5)	(4.0, 1620.0)	(5.0, 1759.0)	(6.0, 1645.5)	(7.0, 1498.0)	(8.0, 1449.0)	(9.0, 1470.0)	(10.0, 1511.0)	(11.0, 1515.0)	(12.0, 1538.0)	(13.0, 1704.5)	(14.0, 2016.5)	(15.0, 2280.5)	(16.0, 2674.5)	(17.0, 3441.0)	(18.0, 4605.5)	(19.0, 6305.0)	(20.0, 9510.5)	(21.0, 14430.5)	(22.0, 21560.5)	(23.0, 32314.5)	(24.0, 47277.5)	(25.0, 68120.0)	(26.0, 98127.5)	(27.0, 146760.5)	(28.0, 191591.0)	(29.0, 227357.5)	(30.0, 304556.5)	(31.0, 387247.5)	(32.0, 442391.0)	(33.0, 510944.0)	(34.0, 599699.5)	(35.0, 698450.5)	(36.0, 791404.0)	(37.0, 884714.0)	(38.0, 969623.0)	(39.0, 1046596.0)	(40.0, 1126895.5)	(41.0, 1188653.0)	(42.0, 1253502.0)	(43.0, 1369495.5)	(44.0, 1507955.0)	(45.0, 1589425.0)	(46.0, 1681411.5)	(47.0, 1793020.5)	(48.0, 1940565.5)	(49.0, 2059750.5)	(50.0, 2042731.0)	(51.0, 1992348.5)	(52.0, 1941501.5)	(53.0, 1875302.5)	(54.0, 1708018.0)	(55.0, 1570213.5)	(56.0, 1489341.5)	(57.0, 1358473.0)	(58.0, 1325457.5)	(59.0, 1224233.0)	(60.0, 1034022.5)	(61.0, 957389.5)	(62.0, 867782.0)	(63.0, 729203.0)	(64.0, 524410.0)	(65.0, 357885.0)	(66.0, 317875.0)	(67.0, 302671.0)	(68.0, 237892.0)	(69.0, 201552.0)	(70.0, 197571.5)	(71.0, 142768.5)	(72.0, 98101.5)	(73.0, 63210.0)	(74.0, 49050.5)	(75.0, 40509.5)	(76.0, 34719.0)	(77.0, 27955.5)	(78.0, 15068.5)	(79.0, 8512.5)	(80.0, 7203.5)	(81.0, 7114.0)	(82.0, 6553.5)	(83.0, 3980.0)	(84.0, 1313.0)	(85.0, 664.5)	(86.0, 362.0)	(87.0, 178.5)	(88.0, 80.0)	(89.0, 62.5)	(90.0, 45.5)	(91.0, 25.0)	(92.0, 24.0)	(93.0, 18.0)	(94.0, 15.0)	(95.0, 12.5)	(96.0, 7.5)	(97.0, 7.0)	(98.0, 5.0)	(99.0, 6.5)	(100.0, 15.5)
SRR12231702_2	(0.0, 446.0)	(1.0, 460.5)	(2.0, 473.5)	(3.0, 578.5)	(4.0, 704.5)	(5.0, 813.5)	(6.0, 926.5)	(7.0, 1056.0)	(8.0, 1249.5)	(9.0, 1454.0)	(10.0, 1714.5)	(11.0, 2059.5)	(12.0, 2422.5)	(13.0, 2827.5)	(14.0, 3351.0)	(15.0, 4075.0)	(16.0, 5137.0)	(17.0, 6660.5)	(18.0, 8722.5)	(19.0, 11597.0)	(20.0, 15987.5)	(21.0, 22635.5)	(22.0, 32504.5)	(23.0, 46454.5)	(24.0, 64643.0)	(25.0, 94015.0)	(26.0, 133864.0)	(27.0, 192468.5)	(28.0, 241294.0)	(29.0, 272651.0)	(30.0, 322820.0)	(31.0, 384646.5)	(32.0, 463580.0)	(33.0, 542496.0)	(34.0, 615733.0)	(35.0, 707088.5)	(36.0, 799802.0)	(37.0, 881332.0)	(38.0, 952512.5)	(39.0, 1022568.0)	(40.0, 1094946.5)	(41.0, 1176368.0)	(42.0, 1262201.5)	(43.0, 1346121.5)	(44.0, 1432175.0)	(45.0, 1524251.5)	(46.0, 1658969.5)	(47.0, 1817974.5)	(48.0, 1868438.5)	(49.0, 1857076.0)	(50.0, 1864937.0)	(51.0, 1823458.0)	(52.0, 1826754.0)	(53.0, 1830554.0)	(54.0, 1716264.5)	(55.0, 1622302.0)	(56.0, 1557455.0)	(57.0, 1406954.0)	(58.0, 1255699.0)	(59.0, 1148306.5)	(60.0, 1049650.0)	(61.0, 1012700.5)	(62.0, 919411.0)	(63.0, 786804.5)	(64.0, 596188.0)	(65.0, 393773.0)	(66.0, 329525.0)	(67.0, 310465.0)	(68.0, 296390.0)	(69.0, 295247.0)	(70.0, 257404.0)	(71.0, 160663.5)	(72.0, 101594.0)	(73.0, 75157.5)	(74.0, 58561.0)	(75.0, 54531.5)	(76.0, 43791.0)	(77.0, 30624.0)	(78.0, 23619.0)	(79.0, 15753.5)	(80.0, 9341.0)	(81.0, 8109.5)	(82.0, 7762.5)	(83.0, 4967.5)	(84.0, 2023.5)	(85.0, 1116.0)	(86.0, 798.0)	(87.0, 586.0)	(88.0, 433.0)	(89.0, 376.5)	(90.0, 328.5)	(91.0, 281.0)	(92.0, 258.5)	(93.0, 233.0)	(94.0, 206.5)	(95.0, 193.5)	(96.0, 181.5)	(97.0, 169.5)	(98.0, 175.0)	(99.0, 200.0)	(100.0, 368.5)
