Sample	fastp-pct_duplication	fastp-after_filtering_q30_rate	fastp-after_filtering_q30_bases	fastp-filtering_result_passed_filter_reads	fastp-after_filtering_gc_content	fastp-pct_surviving_reads	fastp-pct_surviving_bases	fastp-pct_adapter	fastp-before_filtering_read1_mean_length	fastp-before_filtering_read2_mean_length	fastqc-percent_duplicates	fastqc-percent_gc	fastqc-avg_sequence_length	fastqc-median_sequence_length	fastqc-percent_fails	fastqc-total_sequences
SRR12231697	23.2899	95.3824	14597.483457999999	110.34203799999999	48.4205	98.12504414167046	90.130504659172	38.942779891805486	151.0	151.0						
SRR12231697_1											63.33627028247133	48.0	151.0	151	30.0	56.225217
SRR12231697_2											56.73182879374469	48.0	151.0	151	20.0	56.225217
SRR12231698	22.5416	95.4972	13958.750630999999	105.81246	48.28	98.40027068233351	90.01989507519609	40.22241719755328	151.0	151.0						
SRR12231698_1											59.65736958629252	48.0	151.0	151	30.0	53.766346
SRR12231698_2											54.34653266934317	48.0	151.0	151	20.0	53.766346
SRR12231699	21.787	95.4491	14329.040874999999	110.27238799999999	48.6377	98.06177151339037	88.40999299048812	43.85803079437545	151.0	151.0						
SRR12231699_1											60.50355705993121	48.0	151.0	151	30.0	56.225981999999995
SRR12231699_2											54.267361262315355	48.0	151.0	151	20.0	56.225981999999995
SRR12231700	22.064600000000002	95.2534	13866.617087999999	103.915252	48.07	98.3278691626988	91.22424331320238	35.35244657577799	151.0	151.0						
SRR12231700_1											60.126042607333645	48.0	151.0	151	30.0	52.8412
SRR12231700_2											52.88893237108997	48.0	151.0	151	20.0	52.8412
SRR12231701	25.0055	96.1629	14227.987100999999	110.61974	48.7495	98.58405269174042	87.3238895626749	50.273543316492606	151.0	151.0						
SRR12231701_1											63.14277528927233	49.0	151.0	151	30.0	56.104276999999996
SRR12231701_2											57.03351182333204	48.0	151.0	151	20.0	56.104276999999996
SRR12231702	25.043300000000002	95.8392	11897.923380999999	90.267286	48.668800000000005	98.52994835072259	89.7405585622588	42.522247131062635	151.0	151.0						
SRR12231702_1											63.31038507372549	48.0	151.0	151	30.0	45.80703
SRR12231702_2											56.17088955539762	48.0	151.0	151	20.0	45.80703
